1116.mp3,1116,Dustup,190,245,10,7f50e5,73fcfc,
0000
0000
0000
0000
,
0000
0000
0000
0000
,
0000
1210
0000
1300
,
0000
0121
0000
0130
,
0000
1210
0000
1300
,
0000
0212
0013
0311
,
0000
0000
0000
0000
0000
0000
0000
M00M
0121
0000
0000
0000
0000
0000
0000
0000
0000
0000
0000
0000
0000
0000
0000
0000
0130
0000
0000
0000
0000
0000
0000
0000
,
0001
1210
0000
1300
,
0010
0121
0000
0130
,
0001
0000
0000
0000
0000
0000
0000
0000
2120
0000
0000
0000
0000
0000
0000
0000
0130
0000
0000
0000
0000
0000
0000
0000
3110
0000
0000
0000
0000
0000
0000
000M
,
0001
0000
0000
0000
1010
0000
0000
0100
0001
0000
1000
0000
0000
0010
0000
0000
,
0001
0000
0010
0000
0100
0000
0000
0001
0010
0000
1000
0000
0000
0100
0000
0000
,
1000
0000
0100
0000
0010
0000
0000
0001
0010
0000
1000
0000
0000
0100
0000
0000
,
0001
0000
0000
0000
0010
0000
0000
0000
0100
0000
0000
0000
0000
0000
0001
0000
0010
0000
0000
0000
1000
0000
0000
0000
0000
0000
0100
0000
0000
0000
0000
M000
,
1000
0100
0010
0001
0010
0001
0010
0100
,
0010
0100
1000
0100
1000
0100
0010
0100
,
0010
0000
0100
0000
0001
1000
0001
1000
0010
0100
0010
0100
0001
1000
0001
1000
,
0010
0100
0010
0100
0001
0000
0000
0000
0010
0000
0000
0000
0100
0000
0000
0000
,
1000
0000
0000
0000
0000
0000
0000
M00M
1111
0000
0000
0000
0000
0000
0000
0000
0000
0000
0000
0000
0000
0000
0000
0000
0000
0000
0000
0000
0000
0000
0000
0000
,
0000
0000
0000
0000
,
0000
0000
0000
0000
0000
0000
0000
000M
0002
0000
0000
0000
0000
0000
1003
0000
0000
0000
0000
0000
0000
0000
0100
0000
0000
0000
0000
0000
1000
0000
0000
0000
,
0000
0010
0000
0000
0001
0000
0000
0000
0010
0000
0100
0000
0000
0000
0000
2000
,
0000
0000
3001
0000
0110
0000
0000
0000
0001
0010
0100
0001
0010
0100
0001
0010
,
0100
0000
0001
0000
0100
0000
0001
0000
1000
0100
0010
1000
0100
0010
1000
0100
,
0010
0000
1000
0000
0010
0000
1000
0000
0001
0010
1000
0100
0001
0010
1000
0100
,
0001
0000
0000
0000
1000
0000
0000
000M
0002
0000
0000
0000
0000
0000
0000
0000
1103
0000
0000
0000
0000
0000
0000
0000
0001
0000
0010
0000
0001
0000
0010
0000
,
1000
0100
1000
0100
0001
0000
0100
0000
0001
0010
0001
0010
0001
0010
0001
0010
,
0001
0000
0100
0000
0010
0000
0001
0000
1000
0100
1000
0100
1000
0100
1000
0100
,
1000
0000
0010
0000
0100
0000
1000
0000
0001
1000
0100
0001
1000
0100
0001
1000
,
0100
0000
0001
0000
0010
0000
0100
0000
0001
0000
0100
0000
0001
0010
0100
1000
,
0020
0000
0131
0010
0100
0001
1010
0100
,
0010
0001
1100
0010
0100
1000
0011
0100
,
1000
0100
1001
0010
0100
0010
0001
1000
,
0100
0000
1000
0000
0001
0010
1000
0001
0010
1000
0001
0010
1000
0000
0100
0000
,
0010
0001
1010
0100
0010
1000
0101
0010
,
0100
1000
0011
0100
0010
0001
1100
0010
,
0001
0010
0101
0010
0100
0010
1001
0100
,
0010
0000
0000
0000
0001
0000
0000
0000
1000
0000
0100
0000
0001
0000
1000
0000
0100
0000
0001
0000
1000
0000
0100
0000
0001
0000
0000
0000
0010
0000
0000
M000
,
1000
0100
1001
0100
0010
0001
0110
0001
,
1000
0100
1010
0100
0001
1000
0101
0010
,
0100
0000
0000
0000
1000
0000
0000
000M
0011
0000
0000
0000
0100
0000
0000
0000
0010
0000
0000
0000
0001
0000
0000
0000
0110
0000
0000
0000
1000
0000
0000
0000
,
0100
0000
1000
0000
0010
0100
0001
1000
0010
0100
0001
1000
0010
0000
1000
0000
,
0001
0000
0000
0000
0010
0000
0000
M000
1001
0000
0000
0000
0100
0000
0000
0000
0001
0000
0000
0000
0010
0000
0000
0000
1100
0000
0000
0000
0010
0000
0000
0000
,
0001
1000
0110
1000
0001
0100
0011
1000
,
0010
0000
0000
0000
0100
0000
0000
M000
1010
0000
0000
0000
0100
0000
0000
0000
1000
0000
0000
0000
0010
0000
0000
0000
0101
0000
0000
0000
0010
0000
0000
0000
,
1000
0000
0001
0000
0100
0010
1000
0001
0100
0010
1000
0001
0100
0000
0010
0000
,
1000
0000
0000
0000
0001
0000
0000
M000
2020
0000
0000
0000
0000
0000
0000
0000
3131
0000
0000
0000
0000
0000
0000
000M
0022
0000
0000
0000
0000
0000
0000
0000
,
1133
0000
0000
0000
0000
0000
0000
M000
0202
0000
0000
0000
0000
0000
0000
0000
1313
0000
0000
0000
0000
0000
0000
000M
2200
0000
0000
0000
0000
0000
0000
0000
,
3311
0000
0000
0000
0000
0000
0000
M000
2002
0000
0000
0000
0000
0000
0000
0000
3113
0000
0000
0000
0000
0000
0000
000M
0220
0000
0000
0000
0000
0000
0000
0000
,
1331
0000
0000
0000
0000
0000
0000
M000
0202
0000
0000
0000
0000
0000
0000
0000
1313
0000
0000
0000
0000
0000
0000
000M
2020
0000
0000
0000
0000
0000
0000
0000
,
3131
0000
0001
0010
0001
0100
0010
1000
,
0100
1000
0010
0100
0001
0010
0001
0100
,
0010
0000
1000
0000
0001
0010
0100
1000
0100
0010
0001
0010
0100
1000
0100
0010
,
0001
0010
0100
1000
0011
0000
0000
0000
0110
0000
0000
0000
2200
0000
0000
0000
,
3311
0000
0200
1000
0312
0000
0213
0000
,
0320
0000
0000
0001
2030
0000
0000
0000
3201
0000
0000
0000
0302
0000
0000
0000
,
0013
0000
0000
0000
0000
0000
0000
0000
0000
2002
0000
0000
0100
0000
0000
0000
0010
0000
0000
0000
0100
0000
0000
0000
3023
0000
0000
0000
0000
0000
0000
0000
0000
0000
0000
0000
0231
0000
0000
0000
0000
0000
0000
0000
0000
0000
0000
0000
,
2300
0000
0000
0010
3002
0000
0000
0000
0213
0000
0000
0000
2300
0000
0010
0000
,
3201
0000
0000
0010
1000
0010
2300
0000
0000
3201
0000
0000
,
1320
0000
0000
0100
0032
0000
0000
0000
1023
0000
0000
0000
0231
0000
0000
0000
,
0001
0010
0001
0320
0000
0000
2130
0000
0000
3120
0000
0000
,
0231
0000
1310
0000
0101
0000
1010
0100
,
1010
0000
0000
0000
0000
0000
0000
000M
0002
0000
0000
0000
0000
0000
0000
0000
0213
0000
0000
0000
0000
0000
0000
0000
1320
0000
0000
0000
0000
0000
0000
0000
,
0231
0000
0000
1000
0320
0000
0000
0000
2130
0000
0000
0000
3200
0000
0000
0000
,
0301
0010
0001
0010
2200
0000
0000
0000
3302
0000
0103
0000
2000
0000
3010
0000
,
0200
0301
0020
1030
0002
0013
2000
3100
,
0022
0000
0000
0000
0000
0000
0000
0000
1033
0000
0000
0000
0000
0000
0000
M000
0102
0000
0000
0000
0000
0000
0000
0000
2013
0000
0000
0000
0000
0000
0000
0000
,
3002
0000
0000
0100
0023
0000
0000
0000
2130
0000
0000
0000
3012
0000
0000
0000
,
1103
0000
0000
0000
0001
0000
0010
0000
0100
0000
0001
0010
0001
0000
1000
0100
,
1000
0000
0000
0000
0000
0000
0001
0000
0000
0010
0000
0000
0001
0000
0000
0000
0000
0000
0000
0000
1000
0000
0000
0000
0000
0000
0000
0000
0010
0000
0000
0000
0000
0000
0000
0000
0100
0000
0000
0000
0000
0000
0000
0000
0001
0000
0000
0000
,
0000
0000
0000
0000
0000
0000
0000
0000
1000
0000
0000
0000
0000
0000
0000
0000
0000
0000
0000
0000
0000
000M
0000
0000
0101
0000
0000
0000
0000
0000
0000
0000
0000
0000
0000
0000
0000
0000
0000
0000
0000
0000
0000
0000
0000
0000
0000
0000
1100
0000
0000
0000
0000
0000
0000
0000
0000
0000
0000
0000
0000
0000
0000
0000
0110
0000
0000
0000
0000
0000
0000
0000
0000
0000
0000
0000
0000
0000
0000
0000
1100
0000
0000
0000
0000
0000
0000
0000
0000
0000
0000
0000
0000
0000
0000
0000
,
0110
0000
0001
0010
0001
0000
2000
0000
3200
0000
0320
0000
0000
1030
0000
0000
,
0001
0000
0000
0000
0000
0000
0000
0000
0000
0000
0000
0000
0010
0000
0000
0000
0000
0000
0000
0000
0000
M000
0000
0000
1100
0000
0000
0000
0000
0000
0000
0000
0000
0000
0000
0000
0000
0000
0000
0000
0000
0000
0000
0000
0000
0000
0000
0000
0011
0000
0000
0000
0000
0000
0000
0000
0000
0000
0000
0000
0000
0000
0000
0000
0110
0000
0000
0000
0000
0000
0000
0000
0000
0000
0000
0000
0000
0000
0000
0000
0011
0000
0000
0000
0000
0000
0000
0000
0000
0000
0000
0000
0000
0000
0000
0000
,
0110
0000
0000
0000
1000
0000
0100
0000
1000
0000
0000
0000
0001
0000
0000
0000
0010
0000
0000
0000
0100
0000
0000
0000
0000
000M
0011
0000
0000
0000
0000
0000
,
1000
0000
0000
0100
0000
0000
0010
0000
0000
0000
1100
0000
0000
0000
0110
0000
0000
0000
0011
0000
0000
0000
0110
0000
,
0000
0000
1100
0000
0000
0000
0110
0000
0000
0000
0011
0000
0000
0000
0110
0000
0000
0000
1001
0000
0000
0100
0000
0000
,
0010
0000
0001
0000
0010
0000
0001
0000
1000
0100
1000
0000
1000
0000
0001
0010
,
0001
0000
1000
0100
1000
0000
0001
0010
0001
0000
1000
0100
0010
0001
1000
0100
,
0010
0001
0010
0100
1001
0000
0000
0001
0010
0000
1000
0100
1000
0100
0010
0100
,
0010
0000
0000
0000
0001
0000
0000
M000
1000
0000
0000
0000
0000
0000
1000
0000
0100
0000
0000
0000
0001
0000
0010
0000
0001
0000
0010
0000
0100
0000
0010
0000
,
0100
0000
0000
0000
0001
0000
0000
000M
0010
0000
0000
0000
0000
0000
1000
0000
0100
0000
0000
0000
0001
0000
0010
0000
0001
0000
0010
0000
1000
0000
0100
0000
,
1000
0000
0000
0000
0001
0000
0000
000M
0010
0000
0000
0000
0000
0000
1000
0000
0100
0000
0000
0000
0001
0000
0000
0000
1000
0000
0010
0000
1000
0000
0010
0000
,
1000
0000
0000
0000
0001
0000
0000
000M
0010
0000
0000
0000
0000
0000
0001
0000
0010
0000
0000
0000
1000
0000
0100
0000
1000
0000
0100
0000
0001
0000
0010
0000
,
0001
0000
0000
0000
1000
0000
0000
M000
0100
0000
0000
0000
0000
0000
1000
0000
0100
0000
0000
0000
0001
0000
0010
0000
0001
0000
1000
0000
0100
0000
1000
0000
,
0100
0000
0000
0000
0001
0000
0000
000M
0010
0000
0000
0000
0000
0000
1000
0000
0100
0000
0000
0000
0001
0000
0000
0000
0000
0000
0010
0000
0000
0000
0000
0000
,
0001
0000
0000
0000
0000
0000
0000
M000
1000
0000
0100
0000
0010
0000
1000
0000
0100
0000
0010
0000
1000
0000
0100
0000
0020
0000
0000
0000
0000
0000
0000
0000
,
1030
0000
0000
0000
0000
0000
0000
M00M
1111
0000
0000
0000
0000
0000
0000
0000
0000
0000
0000
0000
0000
0000
0000
0000
0000
0000
0000
0000
0000
0000
0000
0000
