banana_allergy_monkey.mp3,BananaAllergy,Oh My Girl,130,269,3,
d17795,d1c045,0000
0000
0000
0000
,
0000
0000
0000
0000
,
1000
0000
0001
0001
,
0000
0000
0010
0000
0000
0000
0000
0100
,
0000
0000
0000
0001
0000
0000
0000
0000
,
0000
1000
0000
0000
,
0000
0010
0000
0000
0100
0000
0000
0000
,
0000
0000
0000
0002
0000
0000
0000
0000
0000
0000
0000
0000
0000
0000
0000
0000
,
0000
0000
0000
0000
0003
0000
1000
1000
,
0000
0010
0000
0000
0000
0001
0000
0000
,
0000
0010
0000
0020
0000
0030
0000
0000
,
0000
1000
0000
0000
0000
0100
0000
0000
,
0000
1000
0000
2000
0000
3000
0000
0000
,
0000
0000
0010
0000
0000
0001
0000
0000
,
0000
1000
0000
0000
0000
0000
0010
0000
,
0000
0001
0000
0002
0000
0003
0000
0000
,
0000
0000
0000
0100
,
0000
1000
0000
0000
0000
0100
0000
0000
,
0000
0010
0000
0020
0000
0030
0000
0000
,
0000
0001
0000
0000
0000
0010
0000
0000
,
0000
0001
0000
0002
0000
0003
0000
0000
,
0000
0100
0010
0000
,
0000
0000
0000
000M
0001
0000
0000
0000
0000
0000
0000
0000
0001
0000
0000
0000
0000
0000
0000
0000
0000
0000
0000
0000
1000
0000
0000
0000
0000
0000
0000
0000
,
0000
0100
0000
0100
0000
0000
0000
0000
,
0000
1001
0000
1001
0000
1001
0000
0000
,
0000
0010
0000
0000
0000
0100
0000
0000
,
0000
1000
0000
1000
0000
1000
0000
0000
,
0000
0100
0000
0000
0000
0010
0000
0000
,
0000
0001
0000
0001
0000
0001
0000
0000
,
0000
1000
0000
0000
0000
0001
0000
0000
,
0000
1000
0000
0100
0000
1000
0000
0000
,
0000
0001
0000
0000
0000
1000
0000
0000
,
0000
0001
0000
0010
0000
0001
0000
0000
,
0000
1000
0000
0100
,
0000
0010
0000
0000
0001
0000
0001
0000
,
0000
1000
0100
1000
,
0000
0010
0000
0001
0000
0020
0000
0030
,
0000
0002
0003
0020
,
0030
0200
0300
2000
,
3000
0002
0000
0000
,
0003
0001
0000
0000
0000
0000
0000
0000
,
0000
0000
0000
0000
0000
0000
0000
M000
1000
0000
0000
0000
0000
0000
0000
0000
0000
0000
0000
0000
0000
0000
0000
0000
0100
0000
0000
0000
0000
0000
0000
0000
,
0000
0010
0000
0000
0000
0001
0000
0000
,
0000
0010
0000
0010
0000
0000
0000
0000
,
0000
0100
0000
0000
0000
0010
0000
0000
,
0000
1000
0000
1000
0000
0000
0000
0001
,
0000
0100
0100
0000
,
0001
0010
0001
0010
,
0000
2000
0000
3000
0000
0000
0000
0000
,
0000
0000
0000
0100
,
0000
0001
0000
0000
0000
0010
0000
0000
,
0000
0001
0000
0001
0000
0000
0000
0000
,
0000
1000
0000
0000
0000
0100
0000
0000
,
0000
1000
0000
1000
0000
0000
0000
0001
,
0000
0010
0100
0000
,
0000
1000
0000
0000
0010
0000
0100
0000
,
0000
2000
0000
3000
0000
0000
0010
0000
,
0001
0000
0000
0000
,
0000
0100
0000
0000
0000
0010
0000
0000
,
0000
0100
0000
0010
0000
0001
0000
0000
,
0000
0000
0000
000M
0001
0000
0000
0000
0000
0000
0000
0000
0000
0000
0000
0000
0000
0000
0000
0000
0010
0000
0000
0000
0000
0000
0000
0000
0000
0000
0000
0000
,
0000
0001
0000
0010
0000
0100
0000
0000
,
0000
1000
0000
0000
0000
0001
0000
0000
,
0000
1000
0000
0001
0000
1000
0000
0000
,
0000
0100
0000
0000
0000
0010
0000
0000
,
0000
0001
0000
0010
0000
0002
0000
0003
,
0000
1100
0000
0010
,
0000
0001
0000
0000
0100
0000
0100
0000
,
0000
0001
0000
1000
,
0000
0110
0000
0110
0000
0110
0000
0000
,
0000
0002
0003
2000
,
3000
0020
0030
0200
,
0300
0002
0000
0000
,
0003
1000
0000
0000
0000
0000
0000
0000
,
0000
0000
0000
0001
0000
0001
0000
0010
,
0000
0000
0000
1000
0000
1000
0000
0100
,
0000
0000
0000
1000
0000
0100
0000
0100
,
0000
0000
0000
0001
0000
0010
0000
0010
,
0000
0000
0000
1000
0000
0100
0000
0010
,
0000
0000
0000
0001
0000
0010
0000
0100
,
0000
0000
0000
1000
0000
0001
0000
1000
,
0000
0000
0000
0001
0000
1000
0000
0001
,
0000
0010
0000
0020
0000
0030
0000
0100
,
0000
0010
0000
0000
0000
0002
0000
0003
,
0020
0030
0000
0000
,
0000
0000
0000
M000
1000
0000
0000
0000
0000
0000
0000
0000
0100
0000
0000
0000
0000
0000
0000
0000
1000
0000
0000
0000
0000
0000
0000
0000
0000
0000
0000
0000
,
0000
0010
0000
0000
0000
0100
0000
0000
,
0000
0001
0000
0000
0000
1000
0000
0000
,
0000
0100
0000
0000
0000
0010
0000
0000
,
0000
0001
0000
0000
0010
0000
0100
0000
,
0010
0100
0010
0100
,
0010
0100
0010
0100
,
0010
0200
0000
0000
,
0300
0010
0010
0000
,
0000
0001
0000
0000
0000
0010
0000
0000
,
0000
1000
0000
0100
0000
1000
0000
0000
,
0000
0001
0000
0000
0000
1000
0000
0000
,
0000
0010
0000
0001
0000
0010
0000
0000
,
0000
0100
0000
0000
0000
0010
0000
0000
,
0000
0001
0000
1000
0000
0001
0000
0000
,
0000
0010
0000
0000
0000
0100
0000
0000
,
0000
1000
0000
0001
0000
2000
0000
3000
,
0000
0001
0000
0000
0000
0010
0000
0000
,
0000
0100
0000
0010
0000
0100
0000
0000
,
0000
1000
0000
0000
0000
0100
0000
0000
,
0000
0010
0000
0100
0000
0010
0000
0000
,
0000
1000
0000
0000
0000
0001
0000
0000
,
0000
1000
0000
0100
0000
0010
0000
0000
,
0000
0001
0000
0000
0000
1000
0000
0000
,
0000
0001
0000
0010
0000
0100
0000
0000
,
0000
0000
0000
0000
0000
0000
0000
000M
0020
0000
0000
0000
0000
0000
0000
0000
0030
0000
0000
0000
0000
0000
0000
0000
0100
0000
0000
0000
0000
0000
0000
0000
,
0000
0010
0000
0000
0001
0000
0001
0000
,
0000
0200
0300
0010
,
0000
0100
0000
1000
0000
0200
0000
0300
,
0000
0002
0003
0200
,
0300
0020
0030
2000
,
3000
0020
0000
0000
,
0030
0100
0000
0000
0000
0000
0000
0000
,
0000
0010
0000
0000
0000
0100
0000
0000
,
0000
0001
0000
0010
0000
0001
0000
0000
