banana_allergy_monkey.mp3,BananaAllergy,Oh My Girl,130,360,7,
d17795,d1c045,0000
0000
0000
0000
,
0000
0000
0000
0000
1000
0000
0020
0000
0000
0100
0000
0000
0000
1030
0000
0000
,
0101
0000
0000
0000
0000
0000
0000
0000
0000
0000
0000
0000
0000
0000
0000
0000
0000
0000
0000
0000
0000
0000
0000
0000
0000
0000
0000
0000
0000
2020
0000
0000
0000
0000
0000
0000
0000
0000
0000
0000
0000
0000
0000
0000
0000
0000
0000
0000
0000
0000
0000
0000
0000
0000
0000
0000
0000
0000
0000
0000
0000
0000
0000
0000
0000
0000
0000
0000
0000
0000
0000
0000
0101
0000
0000
0000
0000
0000
0000
0000
0000
0000
0000
0000
0000
0000
0000
0000
0000
0000
0000
0000
0000
0000
0000
0000
3232
0000
0000
0000
0000
0000
0000
0000
0000
0000
0000
0000
0000
0000
0000
0000
0000
0000
0000
0000
0000
0000
0000
0000
0000
0000
0000
0000
0000
0000
0000
0000
0000
0000
0000
0000
0000
0000
0000
0000
0000
0000
0000
0000
0000
0000
0000
0000
0323
0000
0000
0000
0000
0000
0000
0000
0000
0000
0000
0000
0000
0000
0000
0000
0000
0000
0000
0000
0000
0000
0000
0000
0000
0000
0000
0000
0000
0000
0000
0000
0000
0000
0000
0000
0000
0000
0000
0000
0000
0000
0000
0000
0000
0000
0000
0000
,
0000
0000
0100
0000
0230
0000
0010
0000
0000
0010
0000
0000
0000
0000
0320
0000
,
0000
0000
0000
0000
0000
0000
0000
0000
0000
0000
0000
0000
1000
0000
0000
0000
0000
0000
0000
0000
0000
0000
0000
0000
0000
0000
0000
0000
0000
0100
0000
0000
0000
0000
0000
0000
0000
0000
0000
0000
0000
0000
0000
0000
0000
0000
0000
0000
1000
0000
0000
0000
0000
0000
0000
0000
0000
0000
0000
0000
0000
0000
0000
0000
0000
0000
0000
0000
0000
0000
0000
0000
2030
0000
0000
0000
0000
0000
0000
0000
0000
0000
0000
0000
0000
0000
0000
0000
0000
0000
0000
0000
0000
0000
0000
0000
0000
0000
0000
0000
0000
0000
0000
0000
0000
0000
0000
0000
0001
0000
0000
0000
0000
0000
0000
0000
0000
0000
0000
0000
0000
0000
0000
0000
0000
0000
0000
0000
0000
0000
0000
0000
0000
0000
0000
0000
0000
0000
0000
0000
0000
0000
0000
0000
0000
0000
0000
0000
0000
0000
0000
0000
0000
0000
0000
0000
0001
0000
0000
0000
0000
0000
0000
0000
0000
0000
0000
0000
0000
0000
0000
0000
0000
0000
0000
0000
0000
0000
0000
0000
3002
0000
0000
0000
0000
0000
0000
0000
0000
0000
0000
0000
,
0000
0000
0000
0000
0023
0000
0000
0032
0000
1000
0000
0000
0000
1000
0000
0000
,
0000
0000
0000
0000
0000
0000
0000
0000
0000
0000
0000
0000
0000
0000
0000
0000
0000
0000
0000
0000
0000
0000
0000
0000
2003
0000
0000
0000
0000
0000
0000
0000
0000
0000
0000
0000
0000
0000
0000
0000
0000
0000
0000
0000
0000
0000
0000
0000
0000
0000
0000
0000
0000
0000
0000
0000
0000
0000
0000
0000
0000
0000
0000
0000
0000
0000
0000
0000
0000
0000
0000
0000
0000
0000
0000
0000
0000
0100
0000
0000
0000
0000
0000
0000
0000
0000
0000
0000
0000
0000
0000
0000
0000
0000
0000
0000
3020
0000
0000
0000
0000
0000
0000
0000
0000
0000
0000
0000
0000
0000
0000
0000
0000
0000
0000
0000
0000
0000
0000
0000
0000
0000
0000
0000
0000
0000
0000
0000
0000
0000
0000
0000
0000
0000
0000
0000
0000
0000
0000
0000
0000
0000
0000
0000
0230
0000
0000
0000
0000
0000
0000
0000
0000
0000
0000
0000
0000
0000
0000
0000
0000
0000
0000
0000
0000
0000
0000
0000
0000
0000
0000
0000
0000
0000
0000
0000
0000
0000
0000
0000
0000
0000
0000
0000
0000
0000
0000
0000
0000
0000
0000
0000
,
1310
0000
0000
0202
0000
0000
0000
0000
0000
0000
0000
0000
0000
0000
0000
0000
,
0000
0000
1010
1313
0000
0000
0110
0110
,
0000
0000
0000
000M
0002
0000
0000
0000
0000
0000
0000
0000
0013
0000
0000
0000
0100
0000
0000
0000
0020
0000
0000
0000
0000
0000
0000
0000
0130
0000
0000
0000
,
1000
0200
0000
0311
0000
0001
0000
0020
,
0100
2030
0000
3200
0010
0302
0000
0023
,
1000
0232
0000
2323
0000
3031
0000
0102
,
0023
0032
2003
3200
2300
3101
0000
0020
,
1000
2030
0000
3002
0013
0200
1300
0202
,
0000
0000
2323
0000
0000
0000
3130
0000
0002
0000
0000
0000
0110
0000
0000
1100
,
0000
0000
0000
0000
0113
0000
0000
0000
0000
0000
0000
M000
1010
0000
0000
0000
0101
0000
0000
0000
0000
0000
0000
0000
0020
0000
0000
0000
1030
0000
0000
0000
,
0000
0200
0000
0010
0001
0320
0000
0100
,
1000
0131
0000
1010
2002
0000
3103
0010
,
0002
0013
0000
2000
0100
3010
0000
0002
,
0010
0103
0000
0101
2002
0000
3003
0010
,
1001
0010
0101
0010
1001
0020
0000
0031
,
0010
0000
0000
0000
0200
0000
0000
0000
0000
0000
0000
0000
0301
0000
0000
0000
0000
0000
0000
0000
0000
0000
0000
M00M
0110
0000
0000
0000
0000
0000
0000
0000
,
1001
2002
0000
3113
0000
0000
2000
3200
,
0320
0032
0000
0023
0000
2032
0000
3113
,
0001
0000
0000
M000
2020
0000
0000
0000
0000
0000
0000
0000
3131
0000
0000
0000
0010
0000
0000
0000
0202
0000
0000
0000
0000
0000
0000
0000
1313
0000
0000
0000
,
0100
0000
0000
0000
2002
0000
0000
0000
0000
0000
0000
0000
0100
0000
0000
0000
0000
0000
0000
0000
3013
0000
0000
0000
0000
0000
0000
000M
0002
0000
0000
0000
,
1003
0220
0000
1331
0010
2002
0000
3103
,
0010
0101
0000
1001
0000
0101
0000
0010
,
0101
0022
0000
0133
1010
2200
0000
3310
,
0101
2020
0000
3232
0000
2323
0000
3130
,
1010
0202
0000
0313
0101
2002
0000
3103
,
1010
2020
0000
3232
0000
0323
0130
0000
,
0000
0000
0000
000M
0011
0000
0000
0000
1020
0000
0000
0000
0000
0000
0000
0000
0001
0000
0000
0000
0100
0000
0000
0000
1001
0000
0000
0000
0000
0000
1000
0000
,
0000
0000
0101
0000
0000
0000
1000
0000
1001
0000
0000
0000
0001
0000
0000
1130
,
0000
0000
0000
0000
0010
0000
0000
M000
0201
0000
0000
0000
0000
0000
0000
0000
0010
0000
0000
0000
1000
0000
0000
0000
0011
0000
0000
0000
0000
0000
1010
0000
,
0000
0000
0301
0000
0000
0000
0101
0000
0000
0000
0020
0000
0100
0000
0000
1000
,
0000
0000
0100
0000
1031
0000
0000
0000
0002
0000
0100
0000
1003
0000
0000
1010
,
0000
0000
0002
0000
0100
0000
0010
0000
0103
0000
1010
0000
0101
0000
0000
1001
,
0000
0000
0110
0000
2002
0000
0000
0000
3113
0000
0011
0000
0220
0000
0000
1331
,
0000
0000
0020
0000
0000
0000
0131
0000
0110
0000
0000
0000
1100
0000
0000
0110
,
0000
0000
0000
0000
0011
0000
0000
M000
1100
0000
0000
0000
1100
0000
0000
0000
0000
0000
0000
0000
0000
0000
0000
0000
0200
0000
0000
0000
0301
0000
0000
0000
,
0000
0220
0000
0331
0010
2200
0000
3310
,
0100
0022
0000
1033
1001
0000
0100
0010
,
0001
2020
0000
3130
0010
0202
0000
0313
,
0100
1001
0000
0110
0002
0000
0003
0020
,
0100
1000
0100
0001
0100
2030
0000
3200
,
0001
0010
0001
0010
1000
0010
1000
0320
,
0000
0000
2000
0000
0100
0000
0001
0000
3130
0000
0000
0000
1100
0000
0000
1001
,
0000
0000
0000
0000
0011
0000
0000
0000
0000
0000
0000
000M
0011
0000
0000
0000
0110
0000
0000
0000
0000
0000
0000
0000
0202
0000
0000
0000
1313
0000
0000
0000
,
0000
2000
0000
0001
0100
3002
0000
1000
,
0010
2003
0000
3001
0010
0000
0010
0002
,
0100
0203
0000
2300
0010
3020
0000
0032
,
0023
0032
0000
1003
0110
0000
0001
0010
,
1100
0010
0011
0100
1100
0020
0000
0130
,
0010
0200
0000
0010
0001
0010
0302
0023
,
0000
0100
1000
0230
0000
0000
0311
1010
,
0011
1010
0000
0101
0000
2002
0000
3013
,
1010
0000
0000
000M
0202
0000
0000
0000
0000
0000
0000
0000
1313
0000
0000
0000
0100
0000
0000
0000
2020
0000
0000
0000
0000
0000
0000
0000
3131
0000
0000
0000
,
0010
0000
0000
M000
2002
0000
0000
0000
0000
0000
0000
0000
0010
0000
0000
0000
0000
0000
0000
0000
3103
0000
0000
0000
0000
0000
0000
0000
2000
0000
0000
0000
,
3001
0220
0000
1331
0100
2002
0000
3013
,
0100
1010
0000
1001
0000
1010
0000
0100
,
1010
0000
0000
M000
2200
0000
0000
0000
0000
0000
0000
0000
3310
0000
0000
0000
0101
0000
0000
0000
0022
0000
0000
0000
0000
0000
0000
0000
0133
0000
0000
0000
,
1010
0202
0000
2323
0000
3232
0000
0313
,
0101
2020
0000
3130
1010
2002
0000
3013
,
0101
0000
0000
000M
0202
0000
0000
0000
0000
0000
0000
0000
2323
0000
0000
0000
0000
0000
0000
0000
3230
0000
0000
0000
0310
0000
0000
0000
0000
0000
0000
0000
,
0000
0000
1100
0000
0201
0000
0000
0000
1000
0000
0010
0000
1001
0000
0000
0001
,
0000
0000
1010
0000
0000
0000
0001
0000
1001
0000
0000
0000
1000
0000
0000
0311
,
0000
0000
0100
0000
1020
0000
0000
0000
0100
0000
0001
0000
1100
0000
0000
0101
,
0000
0000
1030
0000
0000
0000
1010
0000
0000
0000
0200
0000
0010
0000
0000
0001
,
0000
0000
0010
0000
1301
0000
0000
0000
2000
0000
0010
0000
3001
0000
0000
0101
,
0000
0000
2000
0000
0010
0000
0100
0000
3010
0000
0101
0000
1010
0000
0000
1001
,
0000
0000
0110
0000
2002
0000
0000
0000
3113
0000
1100
0000
0220
0000
0000
1331
,
0000
0000
0000
0000
0200
0000
0000
0000
0000
0000
0000
0000
1310
0000
0000
0000
0100
0000
0000
000M
0002
0000
0000
0000
0010
0000
0000
0000
1000
0000
0000
0000
,
0010
0000
0103
0000
0000
0000
0011
0000
0000
0000
0110
0000
0000
0000
0001
0010
,
0000
0000
1100
0000
0000
0000
0000
0000
0000
0000
0000
M000
1100
0000
0000
0000
0000
0000
0000
0000
0110
0000
0000
0000
0000
0000
0000
0000
1000
0000
0100
0000
,
0000
0011
0000
0000
0000
0000
1010
0000
0000
0000
0101
0000
0000
0000
0010
1000
,
0000
0000
0101
0000
0000
0000
0000
0000
0000
0000
0000
000M
0101
0000
0000
0000
0000
0000
0000
0000
1010
0000
0000
0000
0000
0000
0000
0000
0100
0000
0001
0000
,
0000
1010
0000
0000
0000
0000
0211
0000
0000
0000
1001
0000
0000
0000
0010
0001
,
0000
1310
0000
0000
0000
0000
1120
0000
0000
0000
1001
0000
0000
0000
0100
1000
,
0000
0131
0000
0000
0000
0000
2011
0000
0000
0000
0101
0000
0000
0000
0010
0001
,
0000
3110
0000
0000
0000
0000
1102
0000
0000
0000
1010
0000
0000
0000
1000
0103
,
0010
2002
0000
3203
0000
0000
0000
0010
,
0001
0320
0000
2030
0000
3202
0000
1000
,
0010
1000
0323
0000
0000
0000
0030
0000
,
1000
0000
0000
0000
0101
0000
0000
0000
0000
0000
0000
0000
0110
0000
0000
0000
0000
0000
0000
0000
1010
0000
0000
0000
0000
0000
0000
000M
0002
0000
0000
0000
,
1000
0000
0000
0000
0103
0000
0000
0000
0000
0000
0000
M000
2000
0000
0000
0000
0001
0000
0000
0000
3010
0000
0000
0000
0000
0000
0000
0000
0200
0000
0000
0000
,
0001
0000
0000
0000
0310
0000
0000
0000
0000
0000
0000
0000
0020
0000
0000
0000
1000
0000
0000
0000
0130
0000
0000
0000
0000
0000
0000
M00M
0220
0000
0000
0000
,
1000
0000
0000
0000
0331
0000
0000
0000
0000
0000
0000
0000
0220
0000
0000
0000
0001
0000
0000
0000
1330
0000
0000
0000
0000
0000
0000
M00M
2002
0000
0000
0000
,
0100
3023
0000
0001
0100
0001
1000
0001
,
0100
0000
0031
0000
1000
0001
1000
0010
1000
0001
1000
0010
1000
0001
1000
0010
,
1000
0001
1000
0010
1000
0001
0100
0001
1000
0001
0100
0001
1000
0001
0100
0001
,
1000
0001
0100
0001
2020
0000
0000
0000
0000
0000
0000
0000
0000
0000
0000
0000
,
3030
0000
0000
0000
0000
0000
0000
0000
0110
0000
0000
0000
0000
0000
0000
0000
1001
0000
0000
0000
0000
0000
0000
0000
0000
0000
0000
000M
0002
0000
0000
0000
,
0100
0023
0000
0230
0001
2300
0000
3020
,
0001
1130
0000
0110
0000
0011
0000
2000
,
0010
3200
0000
0320
1000
0032
0000
0203
,
1000
0311
0000
0110
0000
1100
0000
0020
,
0100
2030
0000
3200
0010
0302
0000
0023
,
1000
0131
0000
1010
0000
0101
0000
2000
,
0001
3100
0000
0002
1000
0023
0000
0031
,
0010
1100
0000
0110
0000
0011
0200
1000
,
0010
2300
0000
3100
0010
0002
0000
0013
,
0100
2020
0000
3232
0000
2323
0000
3031
,
0110
2000
0000
3001
0110
0002
0000
1003
,
0110
0000
0000
M000
2000
0000
0000
0000
0000
0000
0000
0000
3020
0000
0000
0000
0000
0000
0000
0000
2030
0000
0000
0000
0000
0000
0000
0000
3001
0000
0000
0000
,
0100
0002
0000
0013
0001
2000
0000
3100
,
1000
0101
0000
0110
0000
1010
0000
0002
,
1000
1003
0000
2000
0001
3001
0000
0020
,
1000
0131
0000
1010
0000
1100
0020
0000
,
0030
0000
0000
0000
0002
0000
0000
M000
2023
0000
0000
0000
0000
0000
0000
0000
0001
0000
0000
0000
0100
0000
0000
0000
3032
0000
0000
0000
0000
0000
0113
0000
,
0000
0000
1100
0000
0000
0000
0101
0000
2020
0000
0000
0000
3131
0000
0000
0220
,
0000
0331
1100
0000
2020
0100
3032
0000
,
1003
0000
0011
0000
0000
0000
0110
0000
0000
0000
1100
0000
0002
0000
0000
0013
,
0000
0000
0000
0000
0020
0000
0000
000M
0032
0000
0000
0000
0000
0000
0000
0000
0010
0000
0000
0000
0100
0000
0000
0000
1013
0000
0000
0000
0000
0000
0101
0000
,
0000
0000
0002
0000
0010
0000
0100
0000
1000
0000
0100
0000
1013
0000
0000
0101
,
0000
0000
0002
0000
1000
0000
0100
0000
0013
0000
0010
0000
0002
0000
0000
0103
,
0000
2020
0000
3031
0220
0000
1330
0002
,
0100
0023
0000
2030
0010
3200
0000
0302
,
0100
1013
0000
1001
0000
0101
0000
0000