crepe_suzette.mp3,Crepe Suzette,Kamome Sano,202,270,10,c66107,07c661,0000
0000
0000
0000
0002
1000
0010
1003
,
0000
0001
0010
0200
0000
1000
0001
0320
,
0000
1000
0001
0230
0000
0310
1000
0020
,
0000
0000
0000
0000
0130
0000
0000
0000
1000
0000
0000
0000
0001
0000
0010
0000
0100
0000
0000
0000
0001
0000
0000
0000
1000
0000
0000
000M
0020
0000
0000
0000
,
0000
0000
0032
0000
2003
0010
0100
3020
,
0000
0000
0031
0000
0010
0000
0002
0000
0000
0000
1003
0100
0010
0000
1000
0000
,
0000
0000
0000
0000
0100
0000
0000
0000
0010
0000
0000
M000
0200
0000
0000
0000
0000
0000
0000
0000
0301
0000
0000
0000
0010
0000
0000
0000
2000
0000
0000
0000
,
0000
3100
0010
0002
0000
0000
0000
0000
,
1013
0000
0000
0000
0000
0000
0000
0000
0101
0000
0000
0000
0000
0000
0000
M000
2000
0000
0000
0000
0100
0000
0000
0000
0010
0000
0000
0000
3002
0000
0000
0000
,
0000
0010
0100
2003
0000
0001
0010
3200
,
0000
1000
0001
0320
0000
1000
0100
0032
,
0000
0000
0010
0000
0103
0000
1000
0100
0010
0000
0001
0000
0100
0000
0020
0000
,
0000
0000
0032
0000
0013
0100
0001
0020
,
0000
0000
1030
0000
0001
0000
2000
0000
0000
0000
3001
0010
0100
0000
0002
0000
,
0000
2003
0001
3200
0000
0320
0001
0230
,
0000
0320
0100
1000
0001
0100
0001
1000
,
0100
0001
0100
0100
0001
0001
0100
1000
,
0100
1000
0100
0001
0001
0100
0100
1000
,
1000
0100
0001
0100
0001
0100
0001
1000
,
0001
1000
0100
1000
0100
1000
0001
1000
,
0100
0001
0100
0001
0100
0001
0100
1000
,
0100
1000
0100
0001
0100
1000
0100
0001
,
0100
0000
0000
0000
1000
0000
0000
0000
0001
0000
0000
0000
0100
0000
0000
M00M
2032
0000
0000
0000
0000
0000
0000
0000
0000
0000
0000
0000
0000
0000
0000
0000
,
3203
0000
0000
0000
0310
0100
0010
0100
0010
0000
2000
0000
0001
0000
3010
0000
,
0000
0002
1000
0103
0000
0020
0001
1030
,
0000
0200
1000
0310
0000
0002
0100
0013
,
0000
2000
0100
3020
0000
1000
0100
0032
,
0000
0000
0000
0000
0000
0000
0000
0000
0023
0000
0000
0000
0000
0000
0000
0000
0031
0000
0000
0000
0010
0000
0000
0000
0100
0000
0000
M000
2000
0000
0000
0000
,
0000
0000
0010
0000
0001
0000
3010
0000
0000
0000
0001
0010
0001
0000
0100
0000
,
0000
2000
0010
3200
0000
0301
0010
0100
,
0010
0001
0010
0100
1010
1010
0101
0202
,
0000
0313
0100
1000
0020
0001
0100
0032
,
0000
0010
0100
2003
0000
0001
0010
3200
,
0000
0010
1000
0320
0000
0100
1000
0230
,
0000
0000
0010
0000
0301
0000
1000
0100
1000
0000
0002
0000
0010
0000
0203
0000
,
0000
0000
0000
0000
0000
0000
0000
0000
0302
0000
0000
0000
0000
0000
0000
0000
0203
0000
0000
0000
1000
0000
0000
0000
0010
0000
0000
000M
0302
0000
0000
0000
,
0000
0100
1000
0023
0000
0001
0100
0032
,
0000
0010
0100
0023
0000
0100
0001
0230
,
0000
1000
0010
1300
0000
0110
1001
0110
,
1001
0000
0000
0000
0110
0000
0000
0000
1001
0000
0000
0000
0000
0000
0000
000M
0001
0000
0000
0000
0020
0000
0000
0000
1000
0000
0000
0000
0100
0000
0000
0000
,
1000
0100
1030
0200
0010
0001
0010
0001
,
0010
0000
0301
0000
1000
0100
0010
0001
0010
0000
0010
0000
0100
0000
0100
0000
,
0010
0000
0010
0000
0001
0010
0100
1000
0200
0000
0010
0000
0001
0000
0310
0000
,
1000
0000
0100
0000
1000
0000
0001
0000
0010
0000
0001
0000
0200
0000
0000
0010
0000
0000
1000
0000
0000
1000
0000
0000
,
0010
0000
0010
0000
0001
0000
0001
0000
0010
0000
0310
0000
1000
0100
1000
0100
,
1000
0001
0010
0100
2020
0000
3232
0000
,
0323
0000
0000
0000
0130
0000
0001
0010
0002
0000
0023
0000
0032
0000
0023
0000
,
0000
0000
0000
0000
0230
0000
0000
0000
0000
0000
0000
0000
2300
0000
0000
0000
0000
0000
0000
0000
0000
0000
0000
000M
3001
0000
0000
0000
0100
0000
0000
0000
,
0001
1000
0001
0100
0001
1000
0001
0100
,
0001
0000
1000
0000
0001
0010
0001
0010
0002
0000
0023
0000
0032
0000
0023
0000
,
1030
0001
1000
0001
2200
0000
3322
0000
,
1033
0000
0100
0000
1000
0000
0001
0000
0010
0000
0001
0000
0100
0000
0000
1000
0000
0000
0001
0000
0000
1000
0000
0000
,
0010
0000
1000
0000
0001
0000
1000
0000
0010
0000
1000
0000
0001
0010
0100
1000
,
0100
0000
0000
0000
0010
0000
0000
0000
0010
0000
0000
0000
0100
0000
0000
M000
2000
0000
0000
0000
0000
0000
0000
0000
3100
0000
0000
0000
0020
0000
0000
0000
,
0000
0000
0031
0000
0010
0000
0200
0000
0000
0000
0301
0000
1000
0100
1000
0100
,
0011
0000
0000
0000
0000
0000
0000
0000
0110
0000
0000
0000
0000
0000
0000
M000
2000
0000
0000
0000
0010
0000
0000
0000
0010
0000
0000
0000
3200
0000
0000
0000
,
0001
0001
0320
1000
1000
0032
0100
0100
,
0023
1000
1000
0230
0001
0001
2300
0010
,
3002
0200
0320
0230
2303
0020
0230
0320
,
3031
0010
0001
0001
1010
1010
0101
0101
,
2000
0020
0230
0320
3031
0001
0010
0010
,
0100
0100
2000
0001
3002
0000
0013
0200
,
0000
0310
0002
0000
0013
0200
0000
0311
,
1100
0011
1100
0011
0200
0000
0000
0000
,
0000
0000
0000
0000
0310
0000
0000
0000
0001
0000
0000
M000
2000
0000
0000
0000
0000
0000
0000
0000
0000
0000
0000
0000
0000
0000
0000
0000
0000
0000
0000
0000
,
3020
0000
0000
0232
,
0000
0313
0100
2000
0000
0000
0000
0000
,
3100
0000
0000
0000
0000
0000
0000
0000
0000
0000
0000
0000
0000
0000
0000
000M
0002
0000
0000
0000
0000
0000
0000
0000
0000
0000
0000
0000
0000
0000
0000
0000
,
0000
1000
0100
0023
0000
0000
0000
0000
,
0131
0000
1010
0000
,
0000
0010
0001
0010
0000
0000
0000
0000
,
0202
2323
3232
0000
,
0000
1303
0100
2000
0000
0000
0000
0000
,
3200
0000
0000
0000
0301
0010
0100
1000
,
0001
0010
0100
2000
0000
0000
0000
0000
,
3001
0000
0000
0000
0000
0000
0000
0000
0010
0000
0000
0000
0000
0000
0000
M000
0200
0000
0000
0000
0000
0000
0000
0000
0000
0000
0000
0000
1310
0000
0000
0000
,
0000
0001
0002
0000
0000
0113
0000
0000
,
2000
0000
0000
3011
0000
0100
0200
0000
,
0000
2300
0000
0000
0100
0001
0010
0001
,
0100
0001
0010
0001
0100
0010
0100
0001
,
0100
0010
0100
0001
0100
0001
0010
0001
,
0100
0001
0010
3001
0000
0010
0100
1000
,
0100
0010
0100
1000
0200
0010
0001
0310
,
0000
0020
0100
0031
0000
0002
0010
0103
,
0000
1000
0100
0020
0000
0031
0010
0200
,
0000
0000
0301
0000
0010
0000
1000
0100
1000
0000
0002
0000
0023
0000
0230
0000
,
0000
0000
2320
0000
3130
0010
0001
0020
,
0000
0000
0031
0000
1000
0000
0001
0000
0000
0000
1000
0100
0010
0000
2000
0000
,
0000
3001
1000
0001
0100
0001
0010
0001
,
0010
0000
0000
0000
0001
0000
0000
000M
0020
0000
0000
0000
0000
0000
0000
0000
0230
0000
0000
0000
1000
0000
0000
0000
0010
0000
0000
0000
1300
0000
0000
0000
,
0000
0002
1000
1003
0000
0200
0010
0310
,
0000
0020
0100
0130
0000
0002
0023
0230
,
0000
0000
1300
0000
0100
0000
0001
0010
0001
0000
2000
0000
3200
0000
0320
0000
,
0000
0000
0131
0000
0001
1000
0001
2000
,
0000
0000
3100
0000
0010
0000
0200
0000
0000
0000
0301
0010
0001
0000
2000
0000
,
0000
3100
0011
0011
0000
1000
0100
1000
,
0000
0010
1100
1100
0000
0001
0010
0001
,
0000
0100
0011
0011
0000
2000
3200
0320
,
0032
0000
0000
0000
0023
0000
0000
0000
0230
0000
0000
M00M
2302
0000
0000
0000
0000
0000
0000
0000
0000
0000
0000
0000
0000
0000
0000
0000
0000
0000
0000
0000
,
0000
0000
3003
0000