if.mp3,If,Pa's Lam System,170,183,10,2cb7de,e3255b,
0000
0000
0000
0000
,
0000
0000
0000
0000
0000
0100
0010
0200
,
0000
0000
0000
0000
0000
0000
0000
0000
0000
0000
0000
0000
0000
0000
0000
0000
0000
0000
0000
0000
0000
0000
0000
0000
0310
0000
0000
000M
0002
0000
0000
0000
,
0000
0000
0000
0000
0000
0103
1000
0100
,
0000
0000
0000
M000
0200
0000
0000
0000
0000
0000
0000
0000
0000
0000
0000
0000
0000
0000
0000
0000
0000
0000
0000
0000
0000
0000
0000
0000
0000
0000
0000
0000
,
0301
0000
0000
0000
0001
1000
0100
0010
,
0000
0000
0000
000M
0020
0000
0000
0000
0000
0000
0000
0000
0000
0000
0000
0000
0000
0000
0000
0000
0031
0000
0000
0000
0010
0000
0000
0000
0100
0000
0000
0000
,
0000
0000
0000
M000
0200
0000
0000
0000
0000
0000
0000
0000
0000
0000
0000
0000
0000
0000
0000
0000
0310
0000
0000
0000
1000
0000
0000
0000
0000
000M
0020
0000
,
0000
0000
0030
0000
,
0002
0000
0000
0000
0023
0000
0031
0100
,
1010
0000
0101
0000
2020
0000
3130
0002
,
0000
0000
0000
0000
0013
0100
0010
0200
,
0000
0311
0000
0000
0100
0010
0100
0020
,
0000
0000
0000
0000
1130
0000
0000
0000
0000
0000
0000
0000
0110
0000
0000
0000
0000
0000
0000
0000
0000
0000
0000
0000
0000
0000
0000
0000
0000
0000
0000
000M
,
0022
0000
0233
0000
2320
0000
3031
0200
,
0000
0000
0300
0000
0010
0001
0100
2000
,
0000
3100
0010
0000
1000
0000
0001
0000
,
1000
0000
0100
0000
0010
0000
0200
0000
0000
0000
1300
0000
0001
0010
0100
1000
,
0002
1000
0010
1000
,
0013
0000
0000
0000
0100
0000
0000
0000
1000
0000
0000
0000
0200
0000
0000
0000
0000
0000
0000
0000
0310
0000
0000
0000
1000
0000
0000
0000
0000
0000
0000
M000
,
2000
0001
0100
0001
,
3100
0010
0001
0020
0000
0031
0100
0000
,
1000
0100
0010
0001
1000
0001
0100
0010
,
1000
0100
0010
0001
1000
0001
0100
0010
,
0001
0010
0001
0010
1000
0100
1000
0100
0001
0010
0001
0010
1000
0100
1000
0100
,
0001
0000
0000
0000
0010
0000
0000
0000
0100
0000
0000
0000
2000
0000
0000
0000
0000
0000
0000
0000
3001
0000
0000
0000
0110
0000
0000
0000
0000
0000
0000
M00M
,
2002
0000
0000
0000
3103
0010
0100
0010
0100
0000
1011
0000
0000
0000
1101
0000
,
0000
0000
0010
0001
0010
0100
1000
0000
0011
0000
0000
0000
0110
0000
0000
0000
,
1100
0000
0000
0000
0100
0010
0001
0010
0100
0000
0001
1000
0000
0001
2000
0000
,
0000
0000
3001
0000
0100
0010
0001
0010
0100
1000
0100
0010
0100
1000
0100
0010
,
0002
0000
0000
0000
0013
0100
1000
0100
0010
0000
0001
0010
0100
0000
2000
0000
,
0000
3001
0100
0000
0001
0100
0000
0000
1000
0100
1000
0100
0010
1000
0010
1000
,
0001
0000
1100
0000
0001
0010
0100
0000
0011
0000
1000
0100
0010
0000
1100
0000
,
0001
0000
0010
0000
0100
0000
0000
0000
0011
0000
0000
0000
1000
0000
0100
0000
0011
0000
0000
0000
0000
0000
0000
0000
0110
0000
0000
0000
0000
0000
0000
M000
,
2000
0000
0000
0000
3010
0100
0010
0100
0010
0000
1100
0000
0000
0000
0110
0000
,
0000
0000
0001
0000
1000
0010
0000
1000
0020
0000
0000
0000
0131
0000
0000
0000
,
1010
0000
0000
0000
0100
0010
0001
0010
0100
0000
0001
1000
0000
0001
1000
0000
,
0100
0000
0010
0000
0100
0010
0100
0010
1000
0100
0010
0001
1000
0100
0010
0001
,
1100
0000
0000
0000
0001
0010
0100
0010
1001
0000
0000
1001
0000
0000
0110
0000
,
0000
0001
0010
0100
1000
0100
0010
0000
1000
0000
0100
0000
0001
0010
0100
0000
,
1010
0000
0100
0010
0001
0000
1010
0000
0001
0010
0100
0000
2020
0000
0000
0000
,
0000
0000
0000
0000
3230
0000
0000
0000
0000
0000
0000
0000
0000
0000
0000
0000
0311
0000
0000
0000
0000
0000
0000
0000
0110
0000
0000
0000
0000
0000
0000
M000
,
2000
0000
0000
0000
0000
0000
0000
0000
3100
0000
0001
0010
0001
0000
0002
0000
,
0000
0000
0000
0000
1003
0000
0100
0000
0010
0000
1000
0100
1000
0000
1000
0000
,
0200
0000
0000
0000
0000
0000
0000
0000
0310
0000
0000
0000
0001
0000
0010
0000
0001
0000
0010
0000
0001
0000
0010
0000
0001
0000
0000
0000
0001
0000
0000
000M
,
0020
0000
0000
0000
0000
0000
0000
0000
0130
0000
0000
0000
1000
0000
0000
0000
0100
0000
0000
0000
0001
0000
0010
0000
0001
0000
0000
0000
0000
0000
0000
M000
,
0200
0000
0000
0000
0000
0000
0000
0000
0301
0010
0001
0000
1000
0000
0200
0000
,
0000
0000
0000
0000
0000
0000
0000
0000
0310
0000
0000
0000
0001
0000
0000
0000
0010
0000
0000
0000
1000
0000
0100
0000
1000
0000
0000
0000
0001
0000
0000
000M
,
0020
0230
0320
0230
,
0320
0000
0000
0000
0031
0000
0000
0000
0001
0010
0100
1000
0001
0000
0010
0000
,
0002
0000
0000
0000
0000
0000
0000
0000
0203
0000
0000
0000
0000
0000
0000
0000
0302
0000
0000
0000
0000
0000
0000
0000
0023
0000
0000
0000
0000
0000
0000
M000
,
2230
0000
3020
0000
,
2330
0000
0000
0000
0000
0000
0000
0000
3020
0000
0000
0000
0000
0000
0000
0000
2030
0000
0000
0000
0000
0000
0000
0000
3200
0000
0000
0000
0000
0000
0000
000M
,
0322
0000
0203
0000
,
0332
1000
0100
1000
0103
1000
0100
0010
,
2001
0010
0001
0010
3102
1000
0100
0013
,
1101
0000
0000
1011
0000
0000
0111
0000
,
0000
1110
0000
0000
0201
0000
1320
0000
,
0030
0000
0000
0000
0000
0000
0000
000M
0001
0000
0000
0000
1000
0000
0100
0000
1000
0000
0000
0000
0020
0000
0000
0000
0000
0000
0000
0000
1030
0000
0100
0000
,
2000
0000
0000
0000
0000
0000
3001
0010
0001
0000
1000
0100
1000
0000
0001
0010
,
0002
0000
0000
0000
0000
0000
0000
0000
0000
0000
0013
0100
1000
0100
0010
0100
,
1000
0100
0010
0001
0010
0100
0010
0001
0010
0100
1000
0100
0010
0100
1000
0100
,
0010
0001
0010
0001
0100
0010
1000
0200
,
0000
0302
0000
2003
0000
3020
0000
0130
,
1000
0200
0000
0311
0000
0110
0000
0011
,
0000
0000
0000
M000
1000
0000
0000
0000
0100
0000
0000
0000
0010
0000
0000
0000
0001
0000
0000
0000
0020
0000
0000
0000
0000
0000
0000
0000
0000
0000
0000
0000
,
0031
0000
0000
0000
1000
0100
1000
0100
1000
0000
0101
0000
0000
0000
1010
0000
,
0000
0000
0001
0010
0001
0000
1000
0000
0020
0000
0000
0000
0230
0000
0000
0000
,
0301
0010
0100
1000
0001
0010
0100
1000
0001
0010
0100
1000
0001
0010
0001
0010
,
0001
0100
0001
0100
0010
0100
0010
0100
0010
1000
0010
1000
0100
1000
0100
1000
,
0200
0000
0000
0000
0310
0000
1000
0100
0010
0000
0000
1001
0000
0000
0220
0000
,
0000
0000
0000
0000
0331
0000
1000
0000
0100
0010
0001
0010
0100
0010
0001
0010
,
0100
0000
0000
0000
0001
0000
0010
0000
0100
0000
0000
0000
0011
0000
0000
0000
0000
0000
0000
0000
1100
0000
0000
0000
0000
0000
0000
000M
0020
0000
0000
0000
,
0000
0000
0000
0000
0130
0000
0000
0000
1000
0000
0000
0000
0100
0000
0000
0000
0010
0000
0000
0000
0001
0000
0000
0000
0010
0000
0000
0000
0001
0000
0000
000M
,
0020
0000
0000
0000
,
0000
0000
0000
0000
,
0000
0000
0000
0000
,
0000
0000
0000
0030
