
nekkoya.mp3,Nekkoya,Produce 48,128,500,3,ee4392,aaaaaa,0000
0000
0000
0000
,
0000
0000
0000
0000
,
0000
0000
0000
0000
,
1000
0000
0000
0000
0000
0000
0001
0002
,
0000
0000
0003
0000
,
0010
0000
0000
0000
0000
0000
0100
0200
,
0000
0000
0300
0000
,
1000
0000
0100
0000
,
0010
0000
0001
0000
,
0010
0100
0010
0100
,
2002
0000
3003
0110
,
0000
0000
0000
0000
0000
0000
0000
M000
1000
0000
0000
0000
0000
0000
0000
0000
0100
0000
0000
0000
0000
0000
0000
0000
1000
0000
0000
0000
0000
0000
0000
0000
,
0000
0010
0010
0000
2000
0000
3200
0000
,
0300
0001
0010
0001
,
0000
0100
0100
0000
0002
0000
0023
0000
,
0030
0001
0010
0100
,
0000
1000
2000
0000
3000
0000
0100
0000
,
0010
0000
0000
0000
0020
0000
0000
0000
0000
0000
0000
0000
0030
0000
0000
0000
0000
0000
0000
0000
0000
0000
0000
000M
0001
0000
0000
0000
0000
0000
0000
0000
,
0010
0100
0010
1001
,
0000
0100
0010
0100
,
0000
0001
0001
0000
0020
0000
0230
0000
,
0300
0100
0010
0001
,
0000
0010
0001
0000
0002
0000
0203
0000
,
0300
1000
0100
1000
,
0000
0000
0100
0000
2000
0000
0000
0000
3000
0000
0000
0000
0010
0000
0000
0001
,
0000
0002
0000
0000
0000
0000
0003
0000
0000
0000
0000
0000
0010
0000
0000
0000
,
0100
1000
0100
1000
,
0200
0300
0001
0100
,
0010
0000
1000
2000
0000
3000
0100
0200
,
0000
0300
0010
0020
0000
0030
0001
0000
,
0010
0100
2000
3000
,
0002
0003
0100
0010
,
0100
0000
0001
0002
0000
0003
0010
0020
,
0000
0000
0030
0000
0100
0000
0000
0000
0010
0000
0000
0001
0000
0000
0002
0000
,
0000
0000
0000
0000
0000
0000
0000
0000
0003
0000
0000
0000
0000
0000
0000
0000
0000
0000
0000
M000
0100
0000
0000
0000
1000
0000
0000
0000
0000
0000
0000
0000
,
0011
0011
1100
1100
,
0011
0011
0000
0000
,
0101
0101
1010
1010
,
0101
0101
0000
0000
,
1001
1001
0110
0110
,
1001
1001
0000
0000
,
0000
0000
0001
0000
1000
0000
0000
0000
0010
0000
0000
0100
0000
0000
0200
0000
,
0000
0000
0300
0000
0000
0010
0010
0000
,
1000
0100
2000
3000
,
0010
0010
0200
0300
,
0010
0000
0100
0000
2000
0000
3000
0100
,
0000
0010
0000
0020
0000
0030
0001
0000
,
0010
0000
0010
0000
0001
0000
0001
0002
,
0000
0000
0000
0000
0000
0000
0000
0000
0003
0000
0000
0000
0000
0000
0000
0000
0000
0000
0000
0000
0000
0000
0000
M000
0100
0000
0000
0000
0200
0000
0000
0000
,
0000
0300
0010
0020
0000
0030
0100
0200
,
0000
0000
0300
0000
0000
0010
0001
0000
,
0110
0110
1010
1010
,
0110
0110
0000
0000
,
0101
0101
1010
1010
,
0200
0320
0032
0003
,
1010
1010
0011
0011
,
1010
1010
0100
0001
,
0000
0000
0010
0000
0010
0000
0000
0000
0200
0000
0000
0320
0000
0000
0230
0000
,
0000
0000
0000
0000
0000
0000
0000
0000
0000
0000
0000
0000
0000
0000
0000
0000
0300
0000
0000
0000
0000
0000
0000
0000
0000
0000
0000
0000
0000
0000
0000
000M
,
0001
0000
0000
0000
0010
0000
0000
0000
0001
0000
0000
0010
0000
0000
0200
0000
,
0000
0300
1000
0000
0100
0000
0100
0000
,
1000
0000
0000
0000
0100
0000
0000
0000
1000
0000
0000
0100
0000
0000
0020
0000
,
0000
0030
0010
0000
0010
0000
0001
0000
,
0010
0000
0000
0000
0001
0000
0000
0000
0100
0000
0000
1000
0000
0000
0200
0000
,
0000
0300
0100
0000
0100
0000
0010
0000
,
0001
0000
0000
0000
1000
0000
0000
0000
0010
0000
0000
0001
0000
0000
0002
0000
,
0000
0003
0020
0000
0030
1100
1100
0000
,
0000
0010
0001
0000
0100
0000
0001
0000
,
0100
1000
0020
2030
,
3000
0100
1000
0000
0010
0000
1000
0000
,
0010
0001
0200
0302
,
0003
0100
0001
0000
0010
0000
0100
0000
,
0100
0010
0010
0001
,
0001
0000
0000
0000
0000
0000
0000
0000
1000
0000
0000
0000
0000
0000
0000
0000
0001
0000
0000
0000
0000
0000
0000
0000
1000
0000
0000
0000
0000
0000
0000
000M
,
0002
0000
0003
0000
0000
0010
0020
0000
,
0030
0100
0100
0000
0010
0000
1000
0000
,
0001
0100
0001
0020
,
0030
0100
0100
0000
0001
0000
0100
0000
,
0001
1000
0100
1000
,
0110
0001
0110
1000
,
0100
0020
0030
0001
,
0100
0200
0000
0300
0000
1000
0100
0000
,
0002
0000
0000
0023
0000
0000
0032
0000
0000
0023
0000
0000
0032
0000
0000
0000
,
0003
0000
0000
0100
0010
0000
0001
0000
,
0010
0000
0001
0002
0000
0003
0100
0200
,
0000
0300
0010
0020
0000
0030
0001
0000
,
1000
0100
0010
1000
,
2000
0000
3000
0100
0010
0000
0100
0000
,
1000
0000
0001
0002
0000
0003
0010
0020
,
0000
0000
0030
0000
1000
0000
0000
0000
0200
0000
0000
0320
0000
0000
0032
0000
,
0000
0000
0000
0000
0003
0000
0000
0000
0000
0000
0000
0000
0000
0000
0000
0000
0000
0000
0000
0000
0010
0000
0000
M000
1000
0000
0000
0000
0000
0000
0000
0000
,
0101
0101
1100
1100
,
0101
0101
0000
0000
,
0110
0110
0101
0101
,
0110
0110
0000
0000
,
1010
1010
0011
0011
,
1010
1010
0000
0000
,
0000
0000
0010
0000
0010
0000
0000
0000
0001
0000
0000
0010
0000
0000
0200
0000
,
0000
0000
0300
0000
0000
0100
0010
0000
,
1000
0000
0001
0000
1000
0000
0001
0002
,
0000
0000
0000
0000
0000
0000
0000
0000
0003
0000
0000
0000
0000
0000
0000
0000
0000
0000
0000
0000
0010
0000
0000
0000
0100
0000
0000
0000
0000
0000
0000
000M
,
0001
0000
1000
0000
0001
0000
1000
1000
,
0000
0100
0000
0010
0000
0001
0001
0000
,
0010
0000
0100
0000
0010
0000
0100
0200
,
0000
0000
0300
0000
0000
0000
0010
0020
,
0000
0030
0001
0002
0000
0003
0010
0020
,
0000
0000
0000
0000
0000
0000
0000
0000
0030
0000
0000
0000
0000
0000
0000
0000
0000
0000
0000
M000
0100
0000
0000
0000
0100
0000
0000
0000
0000
0000
0000
0000
,
1001
1001
0101
0101
,
1001
1001
0000
0000
,
1010
1010
0101
0101
,
0000
0000
0000
0000
0000
0100
0010
0000
,
1100
1100
1001
1001
,
1100
1100
0000
0000
,
0000
0000
0000
000M
0010
0000
0000
0000
0001
0000
0000
0000
0000
0000
0000
0000
0020
0000
0000
0000
0000
0000
0230
0000
0000
0000
0000
0000
2300
0000
0000
0000
,
0000
0000
0000
0000
0000
0000
0000
0000
3000
0000
0000
0000
0000
0000
0000
0000
0000
0000
0000
0000
0010
0000
0000
0000
0010
0000
0000
0000
0000
0000
0000
M000
,
1100
0000
0000
0000
0000
0000
0000
0000
1100
0000
0000
0000
0000
0000
0000
0000
1100
0000
0000
0000
0000
0000
0000
0000
0000
0000
0000
0000
0000
0000
0000
000M
,
0011
0000
0000
0000
0000
0000
0000
0000
0011
0000
0000
0000
0000
0000
0000
0000
0011
0000
0000
0000
0000
0000
0000
0000
0000
0000
0000
0000
0000
0000
0000
000M
,
0101
0000
0000
0000
0000
0000
0000
0000
0101
0000
0000
0000
0000
0000
0000
0000
0101
0000
0000
0000
0000
0000
0000
0000
0000
0000
0000
0000
0000
0000
0000
M000
,
1010
1010
1010
0000
,
0100
0010
0100
0010
,
0001
0010
0001
0010
,
0100
1000
0100
1000
,
0110
0000
0000
0000
0000
0010
0010
0000
,
0001
0000
1000
0000
0001
0000
1000
2000
,
0000
0000
3000
0000
0000
0100
0100
0000
,
1000
0000
0001
0000
1000
0000
0010
0020
,
0000
0230
0000
2300
0000
3000
0010
0000
,
0001
0000
0010
0000
0001
0000
0100
2000
,
0000
0000
0000
0000
3000
0000
0000
0000
0000
0000
0000
0000
0000
0000
0000
0000
0000
0000
0000
0000
0000
0000
0000
000M
0010
0000
0000
0000
0020
0000
0000
0000
,
0000
0030
0100
0200
0000
0300
0001
0002
,
0000
0000
0003
0000
0000
0010
0100
0000
,
1001
1001
0101
0101
,
0011
0011
0000
0000
,
0110
0110
1001
1001
,
0000
0000
0000
0000
0000
0000
0000
0000
0000
0000
0000
0000
0000
0000
0000
0000
0000
0000
0000
000M
0010
0000
0000
0000
0001
0000
0000
0000
0000
0000
0000
0000
,
1100
1100
1010
1010
,
1001
1001
0000
0000
,
0000
0000
0100
0000
0010
0000
0000
0000
0200
0000
0000
0320
0000
0000
0032
0000
,
0000
0003
0000
0000
,
0010
0000
0000
0000
0001
0000
0000
0000
0010
0000
0000
0001
0000
0000
0002
0000
,
0000
0003
0100
0000
1000
0000
0100
0000
,
0001
0000
0000
0000
1000
0000
0000
0000
0100
0000
0000
1000
0000
0000
2000
0000
,
0000
3000
0010
0000
1000
0000
0010
0000
,
0100
0000
0000
0000
0001
0000
0000
0000
0100
0000
0000
0010
0000
0000
0020
0000
,
0000
0030
0001
0000
1000
0000
0001
0000
,
1000
0000
0000
0000
0100
0000
0000
0000
0010
0000
0000
0100
0000
0000
0200
0000
,
0000
0300
0001
0000
0010
0000
2002
0000
,
3003
0000
0000
0000
