nekkoya.mp3,
Nekkoya,
Produce 48,128,
500,6,ee4392,aaaaaa,0000
0000
0000
0000
,
0000
0000
0000
0000
,
0000
0000
0000
0000
,
2020
0000
0000
0000
3030
0000
0101
0202
,
0000
0000
0303
0000
,
0220
0000
0000
0000
0330
0000
1001
2002
,
0000
0000
0000
0000
0000
0000
0000
0000
0000
0000
0000
0000
0000
0000
0000
0000
3003
0000
0000
0000
0000
0000
0000
0000
0000
0000
0000
0000
0000
0000
0000
M000
,
1000
0100
0010
0100
,
1000
0000
0000
0000
0000
0000
0000
000M
0001
0000
0000
0000
0000
0000
0000
0000
0010
0000
0000
0000
0000
0000
0000
0000
0100
0000
0000
0000
0000
0000
1000
0000
,
0010
0001
0010
0100
,
2020
0000
0000
3131
,
0000
0000
0000
0000
0010
0000
0000
M000
0100
0000
0000
0000
1000
0000
0000
0000
0200
0000
0000
0000
0000
0000
0000
0000
0301
0000
0000
0000
1000
0000
0100
0000
,
0000
0001
0010
0000
2000
0000
0000
0000
3002
0000
0013
0000
2000
0000
3100
0000
,
0000
0000
0020
0000
0031
0000
1000
0000
0101
0000
0000
0000
1000
0000
0100
0010
,
0000
1000
0001
0000
0020
0000
0000
0000
0031
0000
0010
0000
1000
0000
0100
0000
,
0000
0000
0000
000M
0001
0000
0000
0000
0010
0000
0000
0000
0100
0000
0000
0000
0020
0000
0000
0000
0000
0000
0000
0000
1030
0000
0000
0000
0100
0000
0010
0000
,
0000
0001
0010
0000
2200
0000
0000
0000
3300
0000
0000
0100
1000
0000
0010
0001
,
0000
0002
0000
0000
0000
0000
0003
0000
0000
0000
0010
0100
1000
0000
0010
0000
,
0200
0302
2003
3020
0230
0300
1001
0000
,
0000
0000
0000
M000
1000
0000
0000
0000
0100
0000
0000
0000
0010
0000
0000
0000
0001
0000
0000
0000
0000
0000
0000
0000
0100
0000
0000
0000
0010
0000
1000
0000
,
0000
0100
0001
0000
2000
0000
0000
0000
3001
0000
0010
0000
0001
0000
0010
0000
,
0000
0000
0100
0000
1000
0000
0100
0000
0020
0000
0000
0000
0032
0000
1003
0100
,
0000
0001
0010
0000
0200
0000
0000
0000
1300
0000
0100
0000
1000
0000
0100
0000
,
0000
0000
0000
0000
0100
0000
0000
000M
0010
0000
0000
0000
0001
0000
0000
0000
0020
0000
0000
0000
0000
0000
0000
0000
1030
0000
0000
0000
0001
0000
0100
0000
,
0000
1000
0010
0000
0202
0000
0000
0000
0303
0000
0000
0100
1000
0000
0010
0001
,
0000
2020
0000
0000
0000
0000
3030
0000
0000
0000
0001
0010
0100
0000
0010
0000
,
2000
0000
0000
0000
3010
0000
0000
0000
0002
0000
0000
0000
0103
0000
0000
0000
2000
0000
0000
0000
0000
0000
0000
0000
3020
0000
0000
0000
0000
0000
0000
M000
,
2030
0000
0000
0000
0000
0000
0001
0010
0001
0000
0100
0000
0010
0000
0001
0000
,
3010
0200
0302
2003
0000
3002
0023
0230
,
0300
1010
0101
1010
0000
0200
2300
3200
,
0320
0000
0000
0000
0032
0000
0000
0000
2023
0000
0000
0000
0000
0000
0000
0000
3131
0000
0000
0000
0000
0000
0000
0000
0200
0000
0000
0000
0000
0000
0000
000M
,
0302
0000
0000
0000
0000
0000
1000
0100
1000
0000
0010
0000
0100
0000
1000
0000
,
0103
0001
0010
0100
0000
1000
0100
1000
,
0000
0000
0200
0000
0320
0000
0230
0000
2300
0000
0000
3002
0000
0000
2003
0000
,
3110
0000
0000
0000
1010
0000
0000
0000
1100
0000
0001
0100
0001
0000
1000
0000
,
0011
0110
1100
0000
0110
0011
0110
0000
,
1100
0000
0000
0000
0110
0000
0000
0000
0011
0000
0000
0000
0000
0000
0000
000M
0002
0000
0000
0000
2003
0000
0000
0000
3020
0000
0000
0000
0000
0000
0000
0000
,
0131
1010
0101
0000
1100
0110
1100
0000
,
0101
0000
0000
0000
1010
0000
0000
0000
0101
0000
0000
0000
0000
0000
0000
M000
2000
0000
0000
0000
3002
0000
0000
0000
1003
0000
0000
0000
0000
0000
0000
0000
,
0202
0010
1303
0000
2020
0100
3031
0000
,
2002
0000
0000
0000
0100
0000
0000
0000
3013
0000
0000
0000
0000
0000
0000
000M
0002
0000
0000
0000
0203
0000
0000
0000
2300
0000
0000
0000
3000
0000
0000
0000
,
0000
0000
0100
0010
0001
0000
1010
0000
0200
0000
0000
0320
0000
0000
2032
0000
,
0000
0000
0000
0000
0000
0000
0000
0000
3003
0000
0000
0000
0000
0000
0000
0000
0000
0000
0000
000M
0001
0000
0000
0000
0010
0000
0000
0000
0001
0000
0000
0000
,
2100
0000
3120
0000
2130
0000
3100
0020
,
0001
0000
0000
0000
0000
0000
0000
0000
0100
0000
0000
0000
0000
0000
0000
0000
0031
0000
0000
M000
1000
0000
0000
0000
0100
0000
0000
0000
1000
0000
0000
0000
,
0012
0000
0213
0000
0312
0000
0013
2000
,
0000
3200
0000
0320
0000
0031
0100
0001
,
2000
0000
3020
0000
0031
0010
0100
0002
,
0100
0000
0013
0000
0010
2000
0010
3001
,
0000
0000
0000
0000
0002
0000
0000
0000
0100
0000
0000
0000
1003
0000
0000
0000
0000
0000
0000
M00M
1001
0000
0000
0000
1001
0000
0000
0000
2002
0000
0000
0000
,
0100
0000
0000
0000
3013
0000
0000
0000
0100
0000
0001
0010
0100
0000
0001
0000
,
1010
0100
0011
0001
0110
0100
1001
0100
,
1010
0000
0000
0000
0001
0000
0000
0000
1100
0000
0000
0000
0000
0000
0000
0000
0010
0000
0000
0000
0001
0000
0000
0000
0010
0000
0000
0000
0000
0000
0000
M00M
,
1001
0010
0101
1000
0110
0001
1010
0100
,
0020
0000
0000
0000
0230
0000
0000
0000
0302
0000
0013
0100
0010
0000
0001
0000
,
1010
0001
0110
0001
1010
0100
0011
1000
,
0101
0000
0000
0000
1000
0000
0000
0000
0011
0000
0000
0000
0000
0000
0000
M000
1000
0000
0000
0000
0100
0000
0000
0000
1000
0000
0000
0000
0000
0000
0000
0000
,
0000
0000
0000
000M
0001
0000
0000
0000
0100
0000
0000
0000
0010
0000
0000
0000
2000
0000
0000
0000
0000
0000
3200
0000
0000
0000
0000
0000
2300
0000
0000
0000
,
0001
0000
0000
0000
0000
0000
0000
0000
3010
0000
0000
0000
0000
0000
0000
0000
0110
0000
0000
0000
1001
0000
0000
0000
0110
0000
0000
0000
0000
0000
0000
M00M
,
2002
0000
0000
0000
3203
0000
0320
0000
0230
0000
0000
0320
0000
0000
0230
0000
,
0000
0000
0000
0000
0000
0000
0000
0000
0321
0000
0000
0000
0000
0000
0000
0000
0100
0000
0000
0000
0001
0000
0000
0000
0130
0000
0000
0000
0010
0000
0000
M000
,
0200
0000
0000
0000
0010
0000
1000
0000
0320
0000
0000
2030
0000
0000
3020
0000
,
0100
0000
0000
0000
0000
0000
0000
0000
0001
0000
0000
0000
0000
0000
0000
0000
0130
0000
0000
0000
0010
0000
0000
0000
0001
0000
0000
0000
0010
0000
0000
M000
,
0200
0000
0000
0000
1000
0000
0010
0000
0302
0000
0000
0023
0000
0000
0032
0000
,
0000
0000
0000
0000
0000
0000
0000
0000
0203
0000
0000
0000
0000
0000
0000
0000
0010
0000
0000
0000
0001
0000
0000
0000
1300
0000
0000
0000
0100
0000
0000
000M
,
0020
0000
0000
0000
0001
0000
0100
0000
2030
0000
0000
3200
0000
0000
0320
0000
,
0230
0000
0000
0000
0000
0000
0000
0000
0320
0000
0000
0000
0000
0000
0000
0000
1030
0000
0001
0000
1000
0000
0000
0000
0110
0000
0000
0000
0000
0000
0000
M000
,
1001
0000
0100
0000
0010
0000
1000
0000
0200
0000
0000
0000
0301
0000
0010
0001
,
0000
1000
0200
0000
0010
1000
0010
1300
,
0000
0000
0010
0000
0100
0000
1000
0000
0200
0000
0000
0000
0310
0000
1000
0001
,
0000
0000
1000
0000
0001
0000
0000
000M
0020
0000
0000
0000
0000
0000
0000
0000
0001
0000
0000
0000
0100
0000
0000
0000
0001
0000
0000
0000
0130
0000
0000
0000
,
0000
0000
0001
0000
0010
0000
1000
0100
0000
0000
0001
0000
0010
0000
0100
0000
,
0020
0032
0023
0230
0320
0230
2300
3200
,
0310
0001
0010
0100
0020
0000
0032
0103
,
1010
0000
0000
0000
0000
0000
0000
M00M
0101
0000
0000
0000
0000
0000
0000
0000
1010
0000
0000
0000
0001
0000
0000
0000
0020
0000
0000
0000
0000
0000
0000
0000
,
0031
0000
1000
0100
0010
0000
1000
0020
0000
0000
0130
0000
0010
0000
0001
0000
,
0020
0100
2030
0100
3020
0100
0032
0000
,
0003
0000
0000
M000
0200
0000
0000
0000
0320
0000
0000
0000
0031
0000
0010
0000
0000
0000
0100
0000
0010
0000
0000
0000
2000
0000
0000
0000
3200
0000
0000
0000
,
1300
0000
0000
0000
0100
0000
0000
0000
0010
0000
0000
0000
0100
0000
0000
0000
0001
0000
0000
0000
0010
0000
0000
0000
0100
0000
0010
0000
0001
0000
0000
000M
,
0020
0000
0000
0000
0230
0000
0320
0000
2030
0000
0000
0000
3100
0000
0001
0010
,
0000
0000
0001
0000
0010
0000
0000
0000
2002
0000
0000
0000
0000
0000
0000
0000
3003
0000
0000
0000
0000
M000
1000
0000
0100
0000
0000
0000
0001
0000
0020
0000
,
0000
2000
0000
0000
0000
0000
3030
0000
0000
0000
0001
0010
1100
0000
0010
0000
,
2002
0000
0000
0023
0000
0000
3230
0000
0000
0002
0000
0000
2300
0000
0000
0000
,
3223
0000
0000
0000
0000
0000
0000
0000
0330
0000
0000
000M
0001
0000
1000
0000
0001
0000
0000
0000
1000
0000
0000
0000
0100
0000
0000
0000
0010
0000
0000
0000
,
0001
0020
0032
0023
0000
2030
3200
2300
,
0000
0000
0000
0000
3101
0000
0000
0000
1010
0000
0000
0000
0101
0000
0000
0000
0000
0000
0000
0000
0010
0000
0000
0000
0010
0000
0000
0000
0100
0000
0000
M000
,
2000
3200
0320
0000
0232
0000
0323
0000
,
0032
0000
0000
0000
0000
0000
0000
0000
0000
0000
0000
0000
1000
0000
0100
0000
1003
0000
0000
0000
0010
0000
0000
0000
0100
0000
0000
0000
1000
0000
0000
M000
,
0200
0001
0010
2300
0000
0100
0010
3001
,
0000
0000
0010
0000
0100
0000
0010
0000
1001
0000
0000
0110
0000
0000
2000
0000
,
0001
0000
0000
0000
3010
0000
0000
0000
0001
0000
1000
0100
0010
0000
0001
0000
,
1010
0000
0000
0000
0011
0000
0000
0000
1100
0000
0000
0000
0000
0000
0000
000M
0101
0000
0000
0000
1100
0000
0000
0000
0011
0000
0000
0000
0000
0000
0000
M000
,
0110
0000
0000
0000
1001
0000
0000
0000
0110
0000
0000
0000
0000
0000
0000
0000
0012
0000
0000
0000
0100
0000
0000
0000
1003
0000
0000
0000
0000
0000
0000
000M
,
0011
0000
0000
0000
1100
0000
0000
0000
0011
0000
0000
0000
0000
0000
0000
M000
1100
0000
0000
0000
0011
0000
0000
0000
1100
0000
0000
0000
0000
0000
0000
000M
,
0101
0000
0000
0000
1010
0000
0000
0000
0101
0000
0000
0000
0000
0000
0000
0000
2100
0000
0000
0000
0010
0000
0000
0000
3001
0000
0000
0000
0000
0000
0000
000M
,
0011
0110
2200
0000
3311
1000
0022
0000
,
1133
0001
2200
0000
3311
0101
1001
0000
,
0000
0000
0000
M000
1000
0000
0100
0000
1000
0000
0000
0000
0100
0000
0000
0000
0002
0000
0000
0000
0000
0000
2003
0000
0000
0000
0000
0000
3220
0000
0000
0000
,
0000
0000
0000
0000
0000
0000
0000
0000
0330
0000
0000
0000
0000
0000
0000
0000
0000
0000
0000
M000
0100
0000
0000
0000
0010
0000
0000
0000
1001
0000
0000
0000
,
0200
0000
0000
0000
0000
0000
0000
0000
2300
0000
0000
0000
0000
0000
0000
0000
3200
0000
0000
0000
0000
0000
0000
0000
0301
0000
0000
000M
0020
0000
0000
0000
,
0100
0000
0001
0000
0130
1000
0001
0010
,
0002
0000
0000
0000
0023
0000
0000
0000
0230
0000
0000
2300
0000
0000
0100
0000
,
0000
0000
0000
0000
0001
0000
0000
0000
0000
0000
0000
0000
3100
0000
0000
0000
0000
0000
0000
0000
0010
0000
0000
0000
0100
0000
0000
0000
0010
0000
0000
M000
,
2000
0000
3020
0000
0031
0100
1000
0200
,
0010
0000
0000
0000
0000
0000
0000
0000
1000
0000
0000
0000
0000
0000
0000
0000
0310
0000
0000
0000
1000
0000
0000
0000
0010
0000
0000
000M
0101
0000
0000
0000
,
0000
0000
0000
0000
0001
0000
0000
0000
0100
0000
0000
M000
1010
0000
0000
0000
0000
0000
0000
0000
0101
0000
0000
0000
1010
0000
0000
000M
0101
0000
0000
0000
,
0020
0000
0000
0000
0230
0000
0000
0000
0320
0000
1000
0100
1030
0000
0001
0000
,
1010
0100
1001
0010
1100
0001
0110
0001
,
0101
0000
0000
0000
1000
0000
0000
0000
0202
0000
0000
0000
0000
0000
0000
0000
0010
0000
0000
0000
1000
0000
0000
0000
0313
0000
0000
0000
0000
0000
0000
M00M
,
0101
0010
1001
0100
0011
1000
0110
0001
,
0020
0000
0000
0000
0100
0000
0000
0000
0031
0000
1000
0100
1000
0000
0001
0000
,
1100
0010
0101
0010
0110
0001
1010
0100
,
0101
0010
2002
0000
0100
0010
3203
0000
,
0300
0000
0000
000M
0001
0000
0010
0000
0100
0000
0000
0000
0010
0000
0000
0000
0101
0000
0000
0000
0000
0000
0110
0000
0000
0000
0000
M000
2002
0000
0000
0000
,
0000
0000
0000
0000
0000
0000
0000
0000
0000
0000
0000
0000
0000
0000
0000
0000
3003
0000
0000
0000
0010
0000
0100
0000
1000
0000
0000
0000
0010
0000
0000
M00M
,
0202
0000
0000
0000
0000
0000
0010
0000
1303
0000
0000
0000
0100
0000
0000
0000
2020
0000
0000
0000
0000
0000
0100
0000
3031
0000
0000
0000
1000
0000
0000
M00M
,
0220
0000
0000
0000
0000
0000
0001
0000
1330
0000
0000
0000
0100
0000
0000
0000
2002
0000
0000
0000
0000
0000
0100
0000
3013
0000
0000
0000
0100
0000
0000
M00M
,
2020
0000
0000
0000
0000
0000
0100
0000
3031
0000
0000
0000
1000
0000
0000
0000
0202
0000
0000
0000
0000
0000
0010
0000
1303
0000
0000
0000
0001
0000
0000
M00M
,
0220
0000
0000
0000
0000
0000
0001
0000
1330
0000
0000
0000
0100
0000
0000
0000
0010
0000
0000
0000
1000
0000
0011
0000
0000
0000
0000
0000
0000
0000
0000
M000
,
2100
0010
0001
0010
3200
1000
0010
0001
,
0320
0100
1000
0100
0032
0100
1000
0100
,
0023
0001
0100
1000
0230
0010
0001
0010
,
2302
0000
0000
0000
0000
0000
0000
0000
0000
0000
0000
0000
0000
0000
0000
0000
3003
0000
0000
0000
0010
0000
0000
0000
0100
0000
0000
0000
0010
0000
0000
M000
,
2200
0000
0000
0000
0000
0000
0000
000M
3322
0000
0000
0000
0000
0000
0000
M000
2233
0000
0000
0000
0000
0000
0000
0000
3301
0000
0000
0000
0010
0000
0000
0000
,
0101
0000
0000
0000
0000
0000
0000
0000
1010
0000
0000
0000
0000
0000
0000
0000
0101
0000
0000
0000
0010
0000
0000
0000
0100
0000
0000
0000
1000
0000
0000
000M
,
0202
0000
2323
0000
3232
0000
0313
2000
,
0000
0000
0000
0000
3200
0000
0000
0000
0000
0000
0000
0000
0320
0000
0000
0000
0000
0000
0000
0000
1030
0000
0000
0000
0100
0000
0000
0000
0010
0000
0000
M000
,
2000
0000
3200
0000
0320
0001
0100
0031
,
1100
0000
0110
0000
0011
0200
0010
1300
,
0000
0000
0000
0000
0020
0000
0000
0000
0100
0000
0000
0000
0031
0000
0000
0000
0000
0000
0000
M000
1000
0000
0000
0000
0100
0000
0000
0000
1000
0000
0000
0000
,
0020
0000
0000
0000
0032
0000
0000
0000
0023
0000
1000
0100
1030
0000
0001
0000
,
1100
0010
0101
1000
0110
0001
1010
0100
,
0011
0000
0000
0000
0100
0000
0000
0000
2002
0000
0000
0000
0000
0000
0000
0000
3013
0000
0000
0000
0100
0000
0000
M000
2000
0000
0000
0000
0000
0000
0000
0000
,
3101
0010
1100
0010
0101
1000
0110
1000
,
0020
0000
0000
0000
0230
0000
0000
0000
0310
0000
1000
0100
0010
0000
0100
0000
,
0011
1000
0101
0010
1100
0001
0110
1000
,
0011
0000
0000
0000
0100
0000
0000
0000
2020
0000
0000
0000
0000
0000
0000
0000
3130
0000
0000
0000
0010
0000
0000
000M
2002
0000
0000
0000
0000
0000
0000
0000
,
3003
0000
0010
1000
0100
0000
0001
0000
0020
0000
0000
0230
0000
0000
0301
0000
,
1010
0000
0000
0000
0000
0000
0000
0000
0101
0000
0000
0000
0000
0000
0000
0000
1010
0000
0000
0000
0100
0000
0000
0000
1010
0000
0000
0000
0000
0000
0000
000M
,
0020
0000
0000
0000
0032
0000
0023
0000
2030
0000
0000
3200
0000
0000
2300
0000
,
0000
0000
0000
0000
3001
0000
0000
0000
0020
0000
0000
0000
0000
0000
0000
0000
0100
0000
0000
0000
0001
0000
0000
0000
0130
0000
0000
0000
1000
0000
0000
M000
,
0200
0000
0000
0000
0010
0000
1000
0000
0320
0000
0000
0032
0000
0000
2003
0000
,
0010
0000
0000
0000
0000
0000
0000
0000
0100
0000
0000
0000
0000
0000
0000
0000
3010
0000
0000
0000
0000
0000
0000
0000
0101
0000
0000
0000
1010
0000
0000
M000
,
0200
0000
0000
0000
0010
0000
0001
0000
0320
0000
0000
2030
0000
0000
3200
0000
,
0000
0000
0000
0000
0310
0000
0000
0000
0002
0000
0000
0000
0000
0000
0000
0000
0013
0000
0000
0000
0100
0000
0000
0000
2000
0000
0000
0000
0100
0000
0000
000M
,
3020
0000
0000
0000
0001
0000
0100
0000
0032
0000
0000
0023
0000
0000
0031
0000
,
1100
0000
0000
0000
0000
0000
0000
0000
0110
0000
0000
0000
0000
0000
0000
0000
1001
0000
0000
0000
0110
0000
0000
M00M
2002
0000
0000
0000
0000
0000
0000
0000
,
3003
0000
0000
0000
