now_or_never!.mp3,Now or Never,Nintendo,191.033,454,7,ff2476,52f83e,0000
0000
0000
0000
0001
0000
1000
0100
0010
0000
0001
0000
1000
0000
0001
0010
,
0100
0000
1000
0100
1000
0010
0100
0001
,
0010
0000
0000
0000
0001
0000
0000
0000
0100
0000
0000
0000
0010
0000
0000
0000
1000
0000
0000
0000
0100
0000
0000
0000
1000
0000
0000
0000
0100
0000
0000
000M
,
0020
0000
0130
1000
0100
0010
0100
1000
,
0100
0000
0000
0000
0010
0000
0000
0000
0001
0000
0000
0000
0010
0000
0000
0000
0100
0000
0000
0000
0010
0000
0000
0000
0001
0000
0000
0000
0010
0000
0000
M000
,
0200
0000
0302
0000
2003
0000
3001
0020
,
0000
0230
0000
0320
0000
1030
0200
0000
,
0310
0000
0000
0000
0000
0000
0000
000M
0020
0000
0000
0000
0000
0000
0000
0000
0032
0000
0000
0000
0000
0000
0000
0000
0013
0000
0000
0000
0200
0000
0000
0000
,
0000
0310
0000
1000
0000
0010
0002
0000
,
2003
0000
3200
0000
1300
0000
0100
0010
,
0000
0001
0000
0020
0000
1030
0200
0000
,
0301
0000
0000
0000
0000
0000
0000
M000
2020
0000
0000
0000
0000
0000
0000
0000
0000
0000
0000
0000
3131
0000
0000
0000
0000
0000
0000
0000
0000
0000
0000
0000
,
0010
0000
2200
0000
0000
3311
0000
0000
,
0100
0000
2000
0000
3002
0000
1003
0200
,
0000
0320
0000
0230
0000
0301
0020
0000
,
0130
0000
0200
0000
2300
0000
3100
0020
,
0000
0130
0000
0001
0000
0100
2000
0000
,
3002
0000
0023
0000
0031
0000
0010
0100
,
0000
1000
0000
0200
0000
0301
0020
0000
,
1030
0000
0000
0000
0000
0000
0000
000M
0202
0000
0000
0000
0000
0000
0000
0000
0000
0000
0000
0000
1313
0000
0000
0000
0000
0000
0000
0000
0000
0000
0000
0000
,
0100
0000
0022
0000
0000
1133
0000
0000
,
0010
0000
0000
0000
0000
0000
0000
M000
2000
0000
0000
0000
0000
0000
0000
0000
0001
0000
0000
0000
0000
0000
0000
0000
0010
0000
0000
0000
0000
0000
0000
0000
,
3001
0000
0200
0000
0301
0020
0000
0230
,
0000
0301
0100
0010
1000
0010
0100
0001
,
0100
0010
1000
0010
0100
0001
0100
0010
,
2000
0000
0000
0000
0000
0000
0000
000M
3002
0000
0000
0000
0000
0000
0000
0000
0010
0000
0000
0000
0000
0000
0000
0000
0100
0000
0000
0000
0000
0000
0000
0000
,
1003
0000
0020
0000
1030
0200
0000
0320
,
0000
1030
0001
0010
0100
0010
0100
1000
,
0001
0010
0100
0010
0100
1000
0001
0010
,
0100
0000
2020
0000
3030
0100
0202
0000
,
0303
0000
0000
0000
0010
0000
0000
0000
0100
0000
0000
0000
0000
0000
0000
M00M
2002
0000
0000
0000
0000
0000
0000
0000
0000
0000
0000
0000
0000
0000
0000
0000
,
0000
0000
3103
0011
0000
0010
1100
0000
,
1000
0011
0000
0001
1100
0000
0002
0000
,
2003
0000
3001
0020
0000
0230
0000
0320
,
0000
0000
0000
0000
1030
0000
0000
0000
0200
0000
0000
0000
0000
0000
0000
0000
0310
0000
0000
0000
0000
0000
0000
000M
0020
0000
0000
0000
0000
0000
0000
0000
,
0032
0000
0013
0200
0000
0310
0000
1000
,
0000
0010
0002
0000
2003
0000
3200
0000
,
1300
0000
0100
0010
0000
0001
0000
0020
,
0000
0000
0000
0000
1030
0000
0000
0000
0200
0000
0000
0000
0000
0000
0000
0000
0301
0000
0000
0000
0000
0000
0000
M000
2020
0000
0000
0000
0000
0000
0000
0000
,
0000
3131
0000
0000
0010
0000
2200
0000
,
0000
0000
0000
0000
3311
0000
0000
0000
0000
0000
0000
0000
0000
0000
0000
0000
0010
0000
0000
0000
0000
0000
0000
0000
0000
0000
0000
000M
0202
0000
0000
0000
,
0000
0000
1313
0000
0100
0000
0001
0010
,
0001
1000
0100
1000
0001
0100
0001
1000
,
0010
1000
0001
1000
0001
0000
1000
0100
,
1000
0001
0010
0001
1000
0010
1000
0001
,
0100
0001
1000
0001
1000
0000
0001
0010
,
0100
1000
0100
0010
0001
0010
0100
1000
,
0100
0000
0000
0000
0010
0000
0000
0000
0001
0000
0000
0000
0000
0000
1010
0000
0000
0000
0000
0000
0110
0000
0000
0000
0000
M00M
2002
0000
0000
0000
0000
0000
,
0000
3003
0000
0000
