picky_picky.mp3,Picky Picky,Weki Meki,150,228,8,fc53d2,f9e25c,0000
0000
0000
0000
0000
0002
1013
0000
,
0001
0200
1310
0000
0000
2000
3101
0000
,
1000
0020
0131
0000
0000
2000
3110
0000
,
0000
0000
0000
0000
0002
0000
0000
0000
0113
0000
0000
0000
0000
0000
0000
0000
0000
0000
0000
0000
1000
0000
0000
000M
0020
0000
0000
0000
0000
0000
0000
0000
,
0000
0031
0010
1001
0000
0020
0131
0000
,
0010
0200
1310
0101
0000
0202
0313
0000
,
0100
2020
3130
1010
0000
0002
1013
0000
,
1010
0200
0301
1010
0000
2002
3113
0000
,
0011
0100
0100
0020
0001
0100
1000
0130
,
0000
0000
0000
0000
0001
0000
0000
0000
0020
0000
0000
0000
0000
0000
0000
0000
0032
0000
0000
0000
0000
0000
0000
0000
1003
0000
0000
0000
0100
0000
0000
M000
,
2000
0000
3001
0010
0001
0020
0000
0230
,
0000
1300
0020
0000
0130
0010
0100
0010
,
0100
0020
1000
0031
0100
0020
0000
1030
,
0000
0000
0000
0000
0010
0000
0000
0000
0200
0000
0000
0000
0000
0000
0000
0000
0310
0000
0000
0000
1010
0000
0000
0000
0100
0000
0000
0000
0010
0000
0000
000M
,
0002
0000
0103
1000
0100
2000
0000
3100
,
0000
0000
0000
0000
0010
0000
0000
0000
0200
0000
0000
0000
0000
0000
0000
0000
0301
0000
0000
0000
0010
0000
0000
0000
0100
0000
0000
0000
1000
0000
0000
M000
,
2000
0000
0000
0000
3100
0000
0010
0000
0100
0000
0001
0010
0000
0000
1000
0100
,
0000
0000
0000
0000
0000
0000
0000
0000
0000
000M
0000
0000
0001
0000
0000
0000
0000
0000
0000
0000
0000
0000
0000
0000
0000
0000
0000
0000
0000
0000
0000
0000
0000
0000
0000
0000
1000
0000
0000
0000
0000
0000
0000
0000
0010
0000
0000
0000
0000
0000
0000
0000
1000
0000
0000
0000
0000
0000
0000
0000
0001
0000
0000
0000
0000
0000
0000
0000
0100
0000
0000
0000
0000
0000
0000
0000
0001
0000
0000
0000
0000
0000
0000
0000
1000
0000
0000
0000
0000
0000
0000
0000
0010
0000
0000
0000
,
0000
0000
1000
0000
0000
0000
0001
0000
0010
0000
1000
0000
0100
0000
0001
0000
0000
0000
0000
0000
0000
0000
0000
0000
0010
0000
0000
0000
0000
0000
0202
0000
0000
0000
0000
0000
0000
0000
0000
1303
0000
0000
0010
0000
0000
0000
0000
0000
,
0001
0000
2000
0000
0000
0000
3001
0100
0000
0000
0002
0000
0000
0000
1000
0013
,
0000
0000
0000
M000
0200
0000
0000
0000
0000
0000
0000
0000
0301
0000
0000
0000
0010
0000
0000
0000
0200
0000
0000
0000
0000
0000
0000
0000
1300
0000
0000
0000
,
0000
0100
1010
0000
0001
0010
0001
0010
,
0020
0000
0131
0000
1000
0002
0000
0013
,
0000
0000
1100
0000
0001
0100
0001
0100
,
0200
0000
0000
0000
0000
0000
1310
0000
0000
0000
0100
0010
0000
0000
0101
0000
,
0000
0000
1010
0000
0000
0000
0002
0000
0000
0023
0000
0000
0230
0000
0001
0300
,
0010
0001
0010
0200
0000
0311
0000
0110
,
0000
0000
0000
0000
1100
0000
0000
0000
0000
0000
0000
M000
0200
0000
0000
0000
0000
0000
0320
0000
0000
0000
0000
0000
0032
0000
0000
0000
0000
0000
0003
0000
,
0000
0001
0100
0002
0000
1003
0010
2000
,
0000
3001
0010
0200
0000
1300
0100
0020
,
0000
1031
0000
1000
0100
1000
0010
0100
,
0001
0000
0010
0000
0001
0000
1000
0100
0010
0001
1000
0100
0010
0001
0010
0100
,
1000
0100
0011
0000
0000
0000
1000
0000
0200
0000
0301
0000
0010
0000
0100
0000
,
0010
0000
0000
0000
0000
0000
0000
000M
0002
0000
0000
0000
0000
0000
0000
0000
0013
0000
0000
0000
0001
0000
0000
0000
0010
0000
0000
0000
0000
0000
0000
0000
,
2000
3100
0010
2000
0000
3001
0200
0000
,
2300
0000
3200
0000
0301
1010
0000
0101
,
0000
1010
0000
0002
0000
0013
0200
0000
,
2300
0000
3100
0000
1000
0200
0000
0300
,
0001
0010
0001
0100
0010
1000
0200
0000
,
0302
0000
0203
0000
1300
0011
0000
0110
,
0000
0000
0000
0000
1100
0000
0000
0000
0000
0000
0000
M00M
2002
0000
0000
0000
0000
0000
0000
0000
3203
0000
0000
0000
0000
0000
0000
0000
1310
0000
0000
0000
,
0010
0110
0100
0101
0002
0010
0103
0000
,
1000
0000
0000
0000
0100
0000
0000
0000
0010
0000
0000
M00M
0202
0000
0000
0000
0000
0000
0000
0000
2303
0000
0000
0000
0000
0000
0000
0000
3101
0000
0000
0000
,
0001
0011
0010
1010
1000
0202
0000
2323
,
0000
3232
0000
2303
0000
3011
0000
0110
,
0100
0101
0001
1001
0020
1000
0130
0000
,
0001
0010
0100
2000
0000
3110
0000
0011
,
0010
1010
1000
1001
0020
1000
0031
0000
,
0100
1010
0000
0020
0000
1000
1030
0000
,
0200
0001
0301
0010
0000
0100
0100
0000
,
2000
0000
0000
0000
0010
0000
0000
0000
3010
0000
0000
0000
0001
0000
0000
0000
0000
0000
0000
M000
1010
0000
0000
0000
0101
0000
0000
0000
0000
0000
0000
0000
,
0000
0000
0000
000M
0101
0000
0000
0000
1010
0000
0000
0000
0000
0000
0000
0000
0000
0000
0000
M000
1010
0000
0000
0000
0101
0000
0000
0000
0000
0000
0000
0000
,
0000
0000
0000
0000
0000
0000
0000
0000
0000
000M
0000
0000
0010
0000
0000
0000
0000
0000
0000
0000
0000
0000
0000
0000
0010
0000
0000
0000
0000
0000
0000
0000
0000
0000
0000
0000
1000
0000
0000
0000
0000
0000
0000
0000
0000
0000
0000
0000
0100
0000
0000
0000
0000
0000
0000
0000
0000
0000
0000
0000
0010
0000
0000
0000
0000
0000
0000
0000
0000
0000
0000
0000
0000
0000
0000
0000
1000
0000
0000
0000
0000
0000
0000
0000
0010
0000
0000
0000
0000
0000
0000
0000
0000
0000
0000
0000
,
0001
0000
0200
0000
0000
1300
0000
0000
0000
0000
0011
0000
0000
0000
0110
0000
,
0000
0000
0000
0000
0011
0000
0000
0000
0000
0000
0000
M000
2000
0000
0000
0000
0000
0000
0000
0000
3100
0000
0000
0000
0000
0000
0000
0000
0020
0000
0000
0000
,
0000
0230
0000
0000
2300
0000
0000
3000
0000
0000
0110
0000
0000
0000
1100
0000
,
0000
0000
0000
0001
0000
0100
0000
0001
0000
0200
0000
0000
0300
0000
0000
1000
0000
0010
0000
1000
0000
0020
0000
0000
,
0030
0000
0000
0101
0000
0000
0000
0010
0000
1000
0000
0001
0000
0100
0000
0010
0000
1000
0000
0001
0000
0200
0000
0000
,
0300
0000
0000
0002
0000
0000
0010
0000
0000
1103
0000
0000
0000
0000
0000
0110
0000
0000
0000
0000
0000
1000
0100
0000
,
0000
0000
0002
0000
0000
0023
0000
0000
0000
0000
1100
0000
0030
0000
0000
0000
,
0100
1010
0000
0110
0000
0101
0000
0011
,
0000
0000
0000
1000
0000
0000
0100
0000
0000
0001
0000
0000
0000
0001
0000
0010
0000
0000
0000
0010
0000
0100
0000
0100
,
0000
0000
0010
0000
0000
0000
1000
0000
0100
0000
0001
0000
0010
0000
1000
0000
0000
0000
0000
0000
0000
0000
0000
0000
0002
0000
0000
0000
0000
0000
1003
0000
0000
0010
0000
0000
0000
0000
0000
0000
0000
0000
0001
0000
0000
0100
0000
0000
,
0000
0000
0020
0000
0000
0000
1030
0100
0000
0000
1010
0000
0000
0000
0100
0010
,
0000
0000
0000
0000
0101
0000
0000
0000
0010
0000
0000
0000
0100
0000
0000
0000
0010
0000
0000
000M
0202
0000
0000
0000
0000
0000
0000
0000
1313
0000
0000
0000
,
0000
0200
0301
0000
0001
0010
0001
0100
,
0002
0000
1003
0000
0100
0020
0000
0130
,
0000
0000
0000
0000
0000
0000
0000
0000
0002
0000
0000
0000
0000
0000
0000
0000
0013
0000
0000
0000
0000
0000
0000
0000
0100
0000
0000
M000
2000
0000
0000
0000
,
3100
0000
0000
0000
0000
0000
0000
0000
0000
0000
0000
0000
0001
0000
0000
0000
0000
0000
0000
0000
1000
0000
0100
0000
0000
0000
0000
000M
0002
0000
0000
0000
,
0000
0000
2003
0000
0000
0000
3002
0000
0000
0023
0000
0000
0130
0000
1000
0000
,
0010
0100
0001
0020
0000
0131
0000
1010
,
0000
0000
0101
0000
0000
0000
0020
0000
0000
0230
0000
0000
2300
0000
0000
3000
,
0001
0010
0001
0020
0000
1030
0100
2000
,
0000
3010
0100
0020
0000
0130
0010
0200
,
0000
0301
0000
1000
0001
0100
0010
1000
,
0001
0000
0100
0000
0010
0000
0001
0010
0100
1000
0001
0010
0100
1000
0100
0010
,
0001
0010
1100
0000
0000
0000
0001
0000
0020
0000
1030
0000
0100
0000
0010
0000
,
0100
0000
0000
0000
0000
0000
0000
M000
2000
0000
0000
0000
0000
0000
0000
0000
3100
0000
0000
0000
1000
0000
0000
0000
0100
0000
0000
0000
0000
0000
0000
0000
,
0002
0013
0100
0002
0000
1003
0020
0000
,
0032
0000
0023
0000
1030
0101
0000
1010
,
0000
0101
0000
2000
0000
3100
0020
0000
,
0032
0000
0013
0000
0001
0020
0000
0030
,
1000
0100
1000
0010
0100
0001
0020
0000
,
2030
0000
3020
0000
0031
1100
0000
0110
,
0000
0000
0000
0000
0011
0000
0000
0000
0000
0000
0000
M00M
2002
0000
0000
0000
0000
0000
0000
0000
3023
0000
0000
0000
0000
0000
0000
0000
0131
0000
0000
0000
,
0100
0110
0010
1010
2000
0100
3010
0000
,
0001
0000
0000
0000
0010
0000
0000
0000
0100
0000
0000
M00M
2020
0000
0000
0000
0000
0000
0000
0000
3032
0000
0000
0000
0000
0000
0000
0000
1013
0000
0000
0000
,
1000
1100
0100
0101
0001
2020
0000
3232
,
0000
2323
0000
3032
0000
1103
0000
0110
,
0010
1010
1000
1001
0200
0001
0310
0000
,
1000
0100
0010
0002
0000
0113
0000
1100
,
0100
0101
0001
1001
0200
0001
1300
0000
,
0010
0101
0000
0020
0000
0031
0200
0000
,
1300
0010
0000
0202
0000
0303
0000
0010
,
0100
2000
0000
3200
0000
0310
0002
0000
,
0103
0020
0000
2030
0000
3000
0000
0001
,
0010
0100
0010
0002
0000
0003
2000
0000
,
3010
0200
0000
0300
0000
0000
0001
0010
,
0001
0020
0000
0031
0200
0000
0302
0000
,
0103
0002
0000
0000
0003
0000
1000
0010
,
0100
0002
0000
0023
0000
0030
0200
0000
,
1300
0000
0002
0000
0000
0023
0032
0000
0023
0000
0000
0000
0000
0000
1030
0000
,
0200
0000
0310
1001
0000
0110
0000
1010
,
0100
0000
0000
0000
0011
0000
0000
0000
1000
0000
0000
0000
0110
0000
0000
0000
0001
0000
0000
M000
2200
0000
0000
0000
0000
0000
0000
0000
0000
0000
0000
0000
,
3320
0230
2300
3011
0000
0110
0000
0011
,
0100
1010
0001
0110
1000
0202
0000
2323
,
0000
3232
0000
1313
0000
0101
0000
0110
,
0001
1100
0010
0101
1000
0011
0200
0000
,
0301
0010
1000
0110
0000
1100
0000
0110
,
1000
0101
0010
1100
0001
0110
2000
0000
,
3100
0000
0000
0000
0020
0000
0000
0000
0000
0000
0000
0000
0130
0000
0000
0000
0000
0000
0000
000M
0022
0000
0000
0000
1133
0000
0000
0000
0001
0000
0000
0000
,
2020
0100
3031
0100
1000
0202
1313
0001
,
2200
0010
3301
0010
0100
1001
0110
0001
,
1000
0110
1001
0100
0010
2002
3113
0001
,
1000
0220
1331
0100
0010
2200
3311
1000
,
0202
0010
1303
0010
0001
2020
3131
1000
,
0022
0100
1033
0100
0010
1001
0110
1000
,
0001
0110
1001
0010
0100
2002
3113
1000
,
0001
0000
0000
0000
0220
0000
0000
0000
1331
0000
0000
000M
0010
0000
0000
0000
0000
0000
0000
0000
0010
0000
0000
0000
0020
0000
0000
0000
0000
0000
0000
0000
,
1030
0000
0000
0000
0001
0000
0000
0000
0010
0000
0000
M000
0100
0000
0000
0000
0000
0000
0000
0000
0100
0000
0000
0000
0200
0000
0000
0000
0000
0000
0000
0000
,
0301
0000
0000
0000
0010
0000
0000
0000
0100
0000
0000
000M
0001
0000
0000
0000
0000
0000
0000
0000
0001
0000
0000
0000
0002
0000
0000
0000
0000
0000
0000
0000
,
0103
0000
0000
0000
0010
0000
0000
0000
0100
0000
0000
M000
1000
0000
0000
0000
0000
0000
0000
0000
1000
0000
0000
0000
2000
0000
0000
0000
0000
0000
0000
0000
,
3100
0010
0010
0000
0000
0000
0000
0000
