
very_nice.mp3,Very Nice,Seventeen,122,178,8,f192bc,fff000,0000
0000
0100
0001
,
1000
0000
0000
0000
0001
0010
0000
0000
1000
0100
0000
0000
0001
0000
0000
0000
,
0000
0000
0000
0000
0010
0000
0000
0000
0100
0000
0000
0000
0010
0000
0000
000M
0002
0000
0000
0000
0000
0000
0000
0000
0000
0000
0000
0000
0103
0000
0000
0000
,
0000
1000
0100
1000
0001
0010
0100
0200
,
0000
0000
0000
0000
0310
0000
0000
0000
0001
0000
0000
0000
0010
0000
0000
M000
2000
0000
0000
0000
0000
0000
0000
0000
3100
0000
0000
0000
0020
0000
0000
0000
,
0000
0031
0100
1000
0100
0010
0100
2000
,
0000
0000
3200
0000
0000
0000
0310
0000
0001
0000
0001
0010
0000
2000
0000
0000
,
3100
0000
0002
0000
0000
0000
1003
0100
1000
0000
1000
0100
0000
0002
0000
0000
,
0013
0000
0000
0000
2000
0000
0000
0000
0000
0000
0000
0000
0000
0000
0000
0000
3101
0000
0000
0000
0000
0000
0000
0000
1010
0000
0000
0000
0000
0000
0000
000M
,
0001
0010
0100
2000
0000
0000
0000
0000
3001
0100
0001
0100
0010
1000
0010
1000
,
0002
0000
0103
0000
2000
0010
0100
0010
,
3002
0000
0010
0000
0100
0000
1003
0200
0000
0000
0301
0000
0000
0000
0000
0000
,
0000
0000
0000
000M
0020
0000
0000
0000
0001
0000
0000
0000
0100
0000
0000
0000
2030
0000
0000
0000
0001
0000
0000
0000
0010
0000
0000
0000
0001
0000
0000
0000
,
3200
0010
1000
0320
0000
0031
0000
0000
,
0000
0000
0000
M000
0200
0000
0000
0000
0320
0000
0000
0000
0230
0000
0000
0000
0301
0000
0000
0000
1000
0000
0000
0000
0010
0000
0000
0000
0200
0000
0000
0000
,
0000
0310
1000
0001
0100
0020
0000
0000
,
0030
0000
0000
0000
0000
0000
1000
0000
0100
0000
0010
0000
0002
0000
0000
0013
0000
0000
2000
0000
0000
3100
0000
0000
,
0002
0013
0000
0000
2000
3100
0000
0000
0020
0000
0000
0000
0230
0000
0000
0000
,
0302
0000
2003
0000
3100
0010
0001
0010
,
0002
0000
0000
0000
0000
0000
0000
0000
1003
0000
0010
0000
0000
0000
0000
M00M
0101
0000
0000
0000
0000
0000
0000
0000
0010
0000
0000
0000
1000
0000
0100
0000
,
0010
0000
1000
0200
0000
0000
0301
0010
0100
0001
1000
0100
0010
1000
0001
0010
,
0200
0000
0310
0000
0001
0100
0000
0000
1010
0000
0000
0000
0100
0000
0001
0010
,
0100
0000
0001
0010
0000
0000
1000
0000
0020
0031
0000
0000
0200
0310
0000
0000
,
2000
0000
3100
0000
0000
0000
0000
0000
0011
0000
0000
0000
0000
0000
0000
M00M
1001
0000
0000
0000
0000
0000
0000
0000
1000
0000
0000
0000
0001
0000
0010
0000
,
0100
0000
0001
0100
0000
0000
1000
0100
1000
0010
1000
0001
1000
0010
1000
0100
,
1000
0000
0100
0000
0001
0010
0000
0000
1100
0000
0000
0000
0001
0000
1000
0100
,
0010
0000
0000
0000
1000
0000
0010
0000
0000
0000
0000
0000
0000
0000
0000
000M
0002
0000
0000
0000
0000
0000
0000
0000
0023
0000
0000
0000
0000
0000
0000
0000
,
0230
0302
0203
0010
,
1300
0010
0001
0010
0002
0000
1000
0000
,
0103
1000
0100
0010
0001
0010
0001
0100
,
0001
0020
0000
0130
1000
0100
0001
0100
,
1000
0000
0100
0000
0001
0000
1000
0100
0020
0000
0031
0100
0000
0001
0010
0001
,
0200
0000
1300
0010
0000
1000
0100
1000
0020
0000
0031
1000
0000
0010
0100
0010
,
0002
0000
1003
0010
0000
0010
2000
0000
3100
0000
0010
1000
0000
1000
0020
0000
,
0031
0000
1000
0200
0000
0000
0301
0010
0002
0000
1003
0200
0000
0000
0310
0000
,
0000
0000
0000
0000
0000
0000
0000
M000
1000
0000
0000
0000
0100
0000
0000
0000
0020
0000
0000
0000
0001
0000
0000
0000
0100
0000
0000
0000
1000
0000
0000
0000
,
0230
0000
0301
0010
0200
1000
0010
0001
,
0320
0000
1030
0100
0020
0100
1000
0100
,
0032
0000
0103
1000
0200
0010
0001
0010
,
1000
0000
0010
0000
0001
0000
0010
0000
1300
0000
0001
0010
0000
1000
0100
0000
,
0011
0000
0000
0000
0000
0000
0000
M000
1000
0000
0100
0000
0010
0000
0100
0000
1000
0000
0000
0000
0010
0000
1000
0000
0000
0000
0100
0000
0001
0000
0000
0000
,
1100
0000
0000
0000
0010
0000
0001
0000
0010
0000
1000
0002
0000
1003
0000
0000
,
0100
0000
0001
2000
0000
3001
0010
0000
0200
0000
0000
0000
0320
0000
0000
0000
,
0032
0000
0023
0000
1030
0100
0001
0010
,
0002
0000
1013
0000
0100
0010
0001
0010
,
0001
0000
0000
0000
1010
0000
0000
0000
0101
0000
0000
0000
0000
0000
0000
000M
0002
0000
0000
0000
0000
0000
0000
0000
0023
0000
0000
0000
0000
0000
0000
0000
,
0130
0011
1100
0011
0200
0000
0000
0000
,
0000
0000
0000
0000
0000
0000
0000
0000
0301
0000
1000
0000
0000
0000
0000
M00M
0110
0000
0000
0000
0000
0000
0000
0000
0100
0000
0000
0000
0001
0000
0010
0000
,
0100
0000
0001
0020
0000
0000
1030
0100
0010
1000
0001
0010
0100
0001
1000
0100
,
0020
0000
0130
0000
1000
0010
0000
0000
0101
0000
0000
0000
0010
0000
1000
0100
,
0010
0000
1000
0100
0000
0000
0001
0000
0200
1300
0000
0000
0020
0130
0000
0000
,
0002
0000
0013
0000
0000
0000
0000
0000
1100
0000
0000
0000
0000
0000
0000
M00M
1001
0000
0000
0000
0000
0000
0000
0000
0001
0000
0000
0000
1000
0000
0100
0000
,
0010
0000
1000
0010
0000
0000
0001
0010
0001
0100
0001
1000
0001
0100
0001
0010
,
0001
0000
0010
0000
1000
0100
0000
0000
0011
0000
0000
0000
1000
0000
0001
0010
,
0100
0000
0001
0100
0000
0000
0001
0100
0010
1000
0001
0100
0010
1000
0001
0100
,
0010
0000
0000
0000
1000
0000
0200
0000
0000
0000
0000
0000
0310
0000
0000
M000
1100
0000
0000
0000
0000
0000
0000
0000
0110
0000
0000
0000
0000
0000
0000
0000
,
0011
0000
1000
0200
0000
0000
0301
0000
0020
0000
0000
0000
0031
0000
0010
0000
,
0100
0000
0001
0200
0000
0000
0000
0000
1310
0000
0000
0000
0101
0000
0000
0000
,
1010
0000
0100
0002
0000
0000
0013
0000
0100
0000
1000
0000
0100
0000
0010
0000
,
0100
0000
0001
0200
0000
0000
0000
0000
1301
0000
0000
0000
0110
0000
1000
0000
,
0101
0000
0000
0000
0010
0000
2000
0000
0000
0000
0000
000M
3001
0000
0000
0000
0010
0000
0000
0000
0001
0000
0000
0000
0100
0000
0000
0000
0001
0000
0000
0000
,
1000
0000
0001
0020
0000
0000
0000
0000
0131
0000
0000
0000
1001
0000
0000
0000
,
1010
0000
0100
0002
0000
0000
0013
0000
1000
0100
1000
0100
1000
0000
0010
0000
,
0001
0000
0010
0000
0001
0000
0010
0000
0001
0000
0000
0000
0100
0000
0000
0000
1000
0000
0100
0000
1000
0000
0100
0000
1000
0000
0000
0000
0000
0000
0000
000M
,
0001
0000
0100
0000
0001
0000
0100
0000
0001
0000
0000
0000
0010
0000
0000
0000
1000
0000
0010
0000
1000
0000
0010
0000
1000
0000
0000
0000
0000
0000
0000
000M
,
0001
1000
0001
1000
0001
0000
0110
0000
0000
0000
0000
0000
0000
0000
0000
0000
